**********************
PowerShell transcript start
Start time: 20200808002427
**********************
Transcript started, output file is ./logs/hevcnvenc_initqpI.log
DEBUG Invoke-Process
File: ffmpeg
Arg: -y -nostats -analyzeduration 30M -probesize 100M -fflags +discardcorrupt -i input.mp4 -an -c:v hevc_nvenc -preset:v p7 -profile:v main10 -rc:v constqp -rc-lookahead 0 -spatial-aq 0 -temporal-aq 0 -weighted_pred 0 -b_ref_mode 2 -init_qpI 0 -init_qpP 20 -init_qpB 20 -g 60 -bf 3 -pix_fmt yuv420p10le -color_range tv -color_primaries bt709 -color_trc bt709 -colorspace bt709 -movflags +faststart output.mp4
ArgList:

ffmpeg version git-2020-08-06-2c35797 Copyright (c) 2000-2020 the FFmpeg developers
  built with gcc 10.2.1 (GCC) 20200805
  configuration: --disable-static --enable-shared --enable-gpl --enable-version3 --enable-sdl2 --enable-fontconfig --enable-gnutls --enable-iconv --enable-libass --enable-libdav1d --enable-libbluray --enable-libfreetype --enable-libmp3lame --enable-libopencore-amrnb --enable-libopencore-amrwb --enable-libopenjpeg --enable-libopus --enable-libshine --enable-libsnappy --enable-libsoxr --enable-libsrt --enable-libtheora --enable-libtwolame --enable-libvpx --enable-libwavpack --enable-libwebp --enable-libx264 --enable-libx265 --enable-libxml2 --enable-libzimg --enable-lzma --enable-zlib --enable-gmp --enable-libvidstab --enable-libvmaf --enable-libvorbis --enable-libvo-amrwbenc --enable-libmysofa --enable-libspeex --enable-libxvid --enable-libaom --enable-libgsm --enable-librav1e --disable-w32threads --enable-libmfx --enable-ffnvcodec --enable-cuda-llvm --enable-cuvid --enable-d3d11va --enable-nvenc --enable-nvdec --enable-dxva2 --enable-avisynth --enable-libopenmpt --enable-amf
  libavutil      56. 58.100 / 56. 58.100
  libavcodec     58. 99.100 / 58. 99.100
  libavformat    58. 49.100 / 58. 49.100
  libavfilter     7. 87.100 /  7. 87.100
  libswscale      5.  8.100 /  5.  8.100
  libswresample   3.  8.100 /  3.  8.100
  libpostproc    55.  8.100 / 55.  8.100
  libavdevice    58. 11.101 / 58. 11.101
Input #0, mov,mp4,m4a,3gp,3g2,mj2, from 'input.mp4':
    major_brand     : isom
  Metadata:
    minor_version   : 512
    encoder         : Lavf58.45.100
    compatible_brands: isomiso2mp41
  Duration: 00:01:30.02, start: 0.000000, bitrate: 181885 kb/s
    Stream #0:0(und): Video: hevc (Main) (hev1 / 0x31766568), yuv420p(tv, bt709, progressive), 1920x1080 [SAR 1:1 DAR 16:9], 181884 kb/s, 29.97 fps, 29.97 tbr, 30k tbn, 29.97 tbc (default)
    Metadata:
      handler_name    : VideoHandler
Stream mapping:
  Stream #0:0 -> #0:0 (hevc (native) -> hevc (hevc_nvenc))
Press [q] to stop, [?] for help
Incompatible pixel format 'yuv420p10le' for codec 'hevc_nvenc', auto-selecting format 'p010le'
Output #0, mp4, to 'output.mp4':
  Metadata:
    major_brand     : isom
    compatible_brands: isomiso2mp41
    encoder         : Lavf58.49.100
      handler_name    : VideoHandler
    minor_version   : 512
    Metadata:
    Stream #0:0(und): Video: hevc (hevc_nvenc) (Main 10) (hev1 / 0x31766568), p010le(tv, bt709), 1920x1080 [SAR 1:1 DAR 16:9], q=-1--1, 2000 kb/s, 29.97 fps, 30k tbn, 29.97 tbc (default)
      encoder         : Lavc58.99.100 hevc_nvenc
    Side data:
      cpb: bitrate max/min/avg: 0/0/2000000 buffer size: 4000000 vbv_delay: N/A
[mp4 @ 00000179a033f000] Starting second pass: moving the moov atom to the beginning of the file
frame= 2698 fps= 72 q=19.0 Lsize=  142886kB time=00:01:29.88 bitrate=13021.7kbits/s speed=2.38x    
video:142851kB audio:0kB subtitle:0kB other streams:0kB global headers:0kB muxing overhead: 0.024517%
DEBUG ExitCode: 0
DEBUG Invoke-Process
File: ffmpeg
Arg: -y -nostats -i output.mp4 -i input.mp4 -filter_complex libvmaf=vmaf_v0.6.1.pkl -an -f null -
ArgList:

built with gcc 10.2.1 (GCC) 20200805
ffmpeg version git-2020-08-06-2c35797 Copyright (c) 2000-2020 the FFmpeg developers
  libavutil      56. 58.100 / 56. 58.100
  libavcodec     58. 99.100 / 58. 99.100
  libavformat    58. 49.100 / 58. 49.100
  configuration: --disable-static --enable-shared --enable-gpl --enable-version3 --enable-sdl2 --enable-fontconfig --enable-gnutls --enable-iconv --enable-libass --enable-libdav1d --enable-libbluray --enable-libfreetype --enable-libmp3lame --enable-libopencore-amrnb --enable-libopencore-amrwb --enable-libopenjpeg --enable-libopus --enable-libshine --enable-libsnappy --enable-libsoxr --enable-libsrt --enable-libtheora --enable-libtwolame --enable-libvpx --enable-libwavpack --enable-libwebp --enable-libx264 --enable-libx265 --enable-libxml2 --enable-libzimg --enable-lzma --enable-zlib --enable-gmp --enable-libvidstab --enable-libvmaf --enable-libvorbis --enable-libvo-amrwbenc --enable-libmysofa --enable-libspeex --enable-libxvid --enable-libaom --enable-libgsm --enable-librav1e --disable-w32threads --enable-libmfx --enable-ffnvcodec --enable-cuda-llvm --enable-cuvid --enable-d3d11va --enable-nvenc --enable-nvdec --enable-dxva2 --enable-avisynth --enable-libopenmpt --enable-amf
  libavdevice    58. 11.101 / 58. 11.101
  libavfilter     7. 87.100 /  7. 87.100
  libswscale      5.  8.100 /  5.  8.100
  libswresample   3.  8.100 /  3.  8.100
  libpostproc    55.  8.100 / 55.  8.100
Input #0, mov,mp4,m4a,3gp,3g2,mj2, from 'output.mp4':
  Metadata:
    minor_version   : 512
    major_brand     : isom
    compatible_brands: isomiso2mp41
    encoder         : Lavf58.49.100
  Duration: 00:01:30.02, start: 0.000000, bitrate: 13002 kb/s
    Stream #0:0(und): Video: hevc (Main 10) (hev1 / 0x31766568), yuv420p10le(tv, bt709, progressive), 1920x1080 [SAR 1:1 DAR 16:9], 12999 kb/s, 29.97 fps, 29.97 tbr, 30k tbn, 29.97 tbc (default)
      handler_name    : VideoHandler
    Metadata:
Input #1, mov,mp4,m4a,3gp,3g2,mj2, from 'input.mp4':
  Metadata:
    major_brand     : isom
    encoder         : Lavf58.45.100
    minor_version   : 512
    compatible_brands: isomiso2mp41
  Duration: 00:01:30.02, start: 0.000000, bitrate: 181885 kb/s
    Stream #1:0(und): Video: hevc (Main) (hev1 / 0x31766568), yuv420p(tv, bt709, progressive), 1920x1080 [SAR 1:1 DAR 16:9], 181884 kb/s, 29.97 fps, 29.97 tbr, 30k tbn, 29.97 tbc (default)
    Metadata:
      handler_name    : VideoHandler
Stream mapping:
  Stream #0:0 (hevc) -> libvmaf:main
  Stream #1:0 (hevc) -> libvmaf:reference
  libvmaf -> Stream #0:0 (wrapped_avframe)
Press [q] to stop, [?] for help
Output #0, null, to 'pipe:':
  Metadata:
    minor_version   : 512
    compatible_brands: isomiso2mp41
    Stream #0:0: Video: wrapped_avframe, yuv420p10le, 1920x1080 [SAR 1:1 DAR 16:9], q=2-31, 200 kb/s, 29.97 fps, 29.97 tbn, 29.97 tbc (default)
    encoder         : Lavf58.49.100
    major_brand     : isom
    Metadata:
      encoder         : Lavc58.99.100 wrapped_avframe
frame= 2698 fps= 26 q=-0.0 Lsize=N/A time=00:01:30.02 bitrate=N/A speed=0.871x    
video:1412kB audio:0kB subtitle:0kB other streams:0kB global headers:0kB muxing overhead: unknown
[libvmaf @ 000001a9bb77eb40] VMAF score: 97.908877
DEBUG ExitCode: 0
139.5MB
DEBUG Invoke-Process
File: ffmpeg
Arg: -y -nostats -analyzeduration 30M -probesize 100M -fflags +discardcorrupt -i input.mp4 -an -c:v hevc_nvenc -preset:v p7 -profile:v main10 -rc:v constqp -rc-lookahead 0 -spatial-aq 0 -temporal-aq 0 -weighted_pred 0 -b_ref_mode 2 -init_qpI 1 -init_qpP 20 -init_qpB 20 -g 60 -bf 3 -pix_fmt yuv420p10le -color_range tv -color_primaries bt709 -color_trc bt709 -colorspace bt709 -movflags +faststart output.mp4
ArgList:

ffmpeg version git-2020-08-06-2c35797 Copyright (c) 2000-2020 the FFmpeg developers
  built with gcc 10.2.1 (GCC) 20200805
  configuration: --disable-static --enable-shared --enable-gpl --enable-version3 --enable-sdl2 --enable-fontconfig --enable-gnutls --enable-iconv --enable-libass --enable-libdav1d --enable-libbluray --enable-libfreetype --enable-libmp3lame --enable-libopencore-amrnb --enable-libopencore-amrwb --enable-libopenjpeg --enable-libopus --enable-libshine --enable-libsnappy --enable-libsoxr --enable-libsrt --enable-libtheora --enable-libtwolame --enable-libvpx --enable-libwavpack --enable-libwebp --enable-libx264 --enable-libx265 --enable-libxml2 --enable-libzimg --enable-lzma --enable-zlib --enable-gmp --enable-libvidstab --enable-libvmaf --enable-libvorbis --enable-libvo-amrwbenc --enable-libmysofa --enable-libspeex --enable-libxvid --enable-libaom --enable-libgsm --enable-librav1e --disable-w32threads --enable-libmfx --enable-ffnvcodec --enable-cuda-llvm --enable-cuvid --enable-d3d11va --enable-nvenc --enable-nvdec --enable-dxva2 --enable-avisynth --enable-libopenmpt --enable-amf
  libavcodec     58. 99.100 / 58. 99.100
  libavutil      56. 58.100 / 56. 58.100
  libavformat    58. 49.100 / 58. 49.100
  libavdevice    58. 11.101 / 58. 11.101
  libavfilter     7. 87.100 /  7. 87.100
  libswscale      5.  8.100 /  5.  8.100
  libswresample   3.  8.100 /  3.  8.100
  libpostproc    55.  8.100 / 55.  8.100
Input #0, mov,mp4,m4a,3gp,3g2,mj2, from 'input.mp4':
  Metadata:
    major_brand     : isom
    minor_version   : 512
  Duration: 00:01:30.02, start: 0.000000, bitrate: 181885 kb/s
    encoder         : Lavf58.45.100
    compatible_brands: isomiso2mp41
    Stream #0:0(und): Video: hevc (Main) (hev1 / 0x31766568), yuv420p(tv, bt709, progressive), 1920x1080 [SAR 1:1 DAR 16:9], 181884 kb/s, 29.97 fps, 29.97 tbr, 30k tbn, 29.97 tbc (default)
    Metadata:
      handler_name    : VideoHandler
Stream mapping:
  Stream #0:0 -> #0:0 (hevc (native) -> hevc (hevc_nvenc))
Press [q] to stop, [?] for help
Incompatible pixel format 'yuv420p10le' for codec 'hevc_nvenc', auto-selecting format 'p010le'
Output #0, mp4, to 'output.mp4':
  Metadata:
    major_brand     : isom
    minor_version   : 512
    encoder         : Lavf58.49.100
    Metadata:
    Stream #0:0(und): Video: hevc (hevc_nvenc) (Main 10) (hev1 / 0x31766568), p010le(tv, bt709), 1920x1080 [SAR 1:1 DAR 16:9], q=-1--1, 2000 kb/s, 29.97 fps, 30k tbn, 29.97 tbc (default)
      handler_name    : VideoHandler
      encoder         : Lavc58.99.100 hevc_nvenc
      cpb: bitrate max/min/avg: 0/0/2000000 buffer size: 4000000 vbv_delay: N/A
    Side data:
    compatible_brands: isomiso2mp41
[mp4 @ 000002125a88f000] Starting second pass: moving the moov atom to the beginning of the file
frame= 2698 fps= 73 q=19.0 Lsize=  141080kB time=00:01:29.88 bitrate=12857.1kbits/s speed=2.43x    
video:141045kB audio:0kB subtitle:0kB other streams:0kB global headers:0kB muxing overhead: 0.024811%
DEBUG ExitCode: 0
DEBUG Invoke-Process
File: ffmpeg
Arg: -y -nostats -i output.mp4 -i input.mp4 -filter_complex libvmaf=vmaf_v0.6.1.pkl -an -f null -
ArgList:

built with gcc 10.2.1 (GCC) 20200805
  libavformat    58. 49.100 / 58. 49.100
  libavutil      56. 58.100 / 56. 58.100
  libavdevice    58. 11.101 / 58. 11.101
  libavfilter     7. 87.100 /  7. 87.100
  libswresample   3.  8.100 /  3.  8.100
  libswscale      5.  8.100 /  5.  8.100
  libpostproc    55.  8.100 / 55.  8.100
  libavcodec     58. 99.100 / 58. 99.100
  configuration: --disable-static --enable-shared --enable-gpl --enable-version3 --enable-sdl2 --enable-fontconfig --enable-gnutls --enable-iconv --enable-libass --enable-libdav1d --enable-libbluray --enable-libfreetype --enable-libmp3lame --enable-libopencore-amrnb --enable-libopencore-amrwb --enable-libopenjpeg --enable-libopus --enable-libshine --enable-libsnappy --enable-libsoxr --enable-libsrt --enable-libtheora --enable-libtwolame --enable-libvpx --enable-libwavpack --enable-libwebp --enable-libx264 --enable-libx265 --enable-libxml2 --enable-libzimg --enable-lzma --enable-zlib --enable-gmp --enable-libvidstab --enable-libvmaf --enable-libvorbis --enable-libvo-amrwbenc --enable-libmysofa --enable-libspeex --enable-libxvid --enable-libaom --enable-libgsm --enable-librav1e --disable-w32threads --enable-libmfx --enable-ffnvcodec --enable-cuda-llvm --enable-cuvid --enable-d3d11va --enable-nvenc --enable-nvdec --enable-dxva2 --enable-avisynth --enable-libopenmpt --enable-amf
ffmpeg version git-2020-08-06-2c35797 Copyright (c) 2000-2020 the FFmpeg developers
Input #0, mov,mp4,m4a,3gp,3g2,mj2, from 'output.mp4':
    major_brand     : isom
  Metadata:
    minor_version   : 512
    encoder         : Lavf58.49.100
  Duration: 00:01:30.02, start: 0.000000, bitrate: 12837 kb/s
    compatible_brands: isomiso2mp41
    Metadata:
      handler_name    : VideoHandler
    Stream #0:0(und): Video: hevc (Main 10) (hev1 / 0x31766568), yuv420p10le(tv, bt709, progressive), 1920x1080 [SAR 1:1 DAR 16:9], 12834 kb/s, 29.97 fps, 29.97 tbr, 30k tbn, 29.97 tbc (default)
Input #1, mov,mp4,m4a,3gp,3g2,mj2, from 'input.mp4':
  Metadata:
    major_brand     : isom
    compatible_brands: isomiso2mp41
    encoder         : Lavf58.45.100
    minor_version   : 512
  Duration: 00:01:30.02, start: 0.000000, bitrate: 181885 kb/s
    Stream #1:0(und): Video: hevc (Main) (hev1 / 0x31766568), yuv420p(tv, bt709, progressive), 1920x1080 [SAR 1:1 DAR 16:9], 181884 kb/s, 29.97 fps, 29.97 tbr, 30k tbn, 29.97 tbc (default)
    Metadata:
      handler_name    : VideoHandler
Stream mapping:
  Stream #0:0 (hevc) -> libvmaf:main
  Stream #1:0 (hevc) -> libvmaf:reference
  libvmaf -> Stream #0:0 (wrapped_avframe)
Press [q] to stop, [?] for help
Output #0, null, to 'pipe:':
  Metadata:
    major_brand     : isom
    minor_version   : 512
    compatible_brands: isomiso2mp41
    encoder         : Lavf58.49.100
    Stream #0:0: Video: wrapped_avframe, yuv420p10le, 1920x1080 [SAR 1:1 DAR 16:9], q=2-31, 200 kb/s, 29.97 fps, 29.97 tbn, 29.97 tbc (default)
    Metadata:
      encoder         : Lavc58.99.100 wrapped_avframe
frame= 2698 fps= 26 q=-0.0 Lsize=N/A time=00:01:30.02 bitrate=N/A speed=0.87x    
video:1412kB audio:0kB subtitle:0kB other streams:0kB global headers:0kB muxing overhead: unknown
[libvmaf @ 00000283bb69b040] VMAF score: 97.907957
DEBUG ExitCode: 0
137.8MB
DEBUG Invoke-Process
File: ffmpeg
Arg: -y -nostats -analyzeduration 30M -probesize 100M -fflags +discardcorrupt -i input.mp4 -an -c:v hevc_nvenc -preset:v p7 -profile:v main10 -rc:v constqp -rc-lookahead 0 -spatial-aq 0 -temporal-aq 0 -weighted_pred 0 -b_ref_mode 2 -init_qpI 2 -init_qpP 20 -init_qpB 20 -g 60 -bf 3 -pix_fmt yuv420p10le -color_range tv -color_primaries bt709 -color_trc bt709 -colorspace bt709 -movflags +faststart output.mp4
ArgList:

ffmpeg version git-2020-08-06-2c35797 Copyright (c) 2000-2020 the FFmpeg developers
  built with gcc 10.2.1 (GCC) 20200805
  libavutil      56. 58.100 / 56. 58.100
  libavcodec     58. 99.100 / 58. 99.100
  libavformat    58. 49.100 / 58. 49.100
  configuration: --disable-static --enable-shared --enable-gpl --enable-version3 --enable-sdl2 --enable-fontconfig --enable-gnutls --enable-iconv --enable-libass --enable-libdav1d --enable-libbluray --enable-libfreetype --enable-libmp3lame --enable-libopencore-amrnb --enable-libopencore-amrwb --enable-libopenjpeg --enable-libopus --enable-libshine --enable-libsnappy --enable-libsoxr --enable-libsrt --enable-libtheora --enable-libtwolame --enable-libvpx --enable-libwavpack --enable-libwebp --enable-libx264 --enable-libx265 --enable-libxml2 --enable-libzimg --enable-lzma --enable-zlib --enable-gmp --enable-libvidstab --enable-libvmaf --enable-libvorbis --enable-libvo-amrwbenc --enable-libmysofa --enable-libspeex --enable-libxvid --enable-libaom --enable-libgsm --enable-librav1e --disable-w32threads --enable-libmfx --enable-ffnvcodec --enable-cuda-llvm --enable-cuvid --enable-d3d11va --enable-nvenc --enable-nvdec --enable-dxva2 --enable-avisynth --enable-libopenmpt --enable-amf
  libavdevice    58. 11.101 / 58. 11.101
  libswscale      5.  8.100 /  5.  8.100
  libswresample   3.  8.100 /  3.  8.100
  libavfilter     7. 87.100 /  7. 87.100
  libpostproc    55.  8.100 / 55.  8.100
Input #0, mov,mp4,m4a,3gp,3g2,mj2, from 'input.mp4':
  Metadata:
    minor_version   : 512
    compatible_brands: isomiso2mp41
    encoder         : Lavf58.45.100
  Duration: 00:01:30.02, start: 0.000000, bitrate: 181885 kb/s
    major_brand     : isom
    Metadata:
    Stream #0:0(und): Video: hevc (Main) (hev1 / 0x31766568), yuv420p(tv, bt709, progressive), 1920x1080 [SAR 1:1 DAR 16:9], 181884 kb/s, 29.97 fps, 29.97 tbr, 30k tbn, 29.97 tbc (default)
      handler_name    : VideoHandler
Stream mapping:
Press [q] to stop, [?] for help
  Stream #0:0 -> #0:0 (hevc (native) -> hevc (hevc_nvenc))
Incompatible pixel format 'yuv420p10le' for codec 'hevc_nvenc', auto-selecting format 'p010le'
Output #0, mp4, to 'output.mp4':
    major_brand     : isom
    encoder         : Lavf58.49.100
  Metadata:
    minor_version   : 512
    compatible_brands: isomiso2mp41
    Stream #0:0(und): Video: hevc (hevc_nvenc) (Main 10) (hev1 / 0x31766568), p010le(tv, bt709), 1920x1080 [SAR 1:1 DAR 16:9], q=-1--1, 2000 kb/s, 29.97 fps, 30k tbn, 29.97 tbc (default)
    Metadata:
      handler_name    : VideoHandler
      encoder         : Lavc58.99.100 hevc_nvenc
      cpb: bitrate max/min/avg: 0/0/2000000 buffer size: 4000000 vbv_delay: N/A
    Side data:
[mp4 @ 000001f4839af000] Starting second pass: moving the moov atom to the beginning of the file
frame= 2698 fps= 73 q=19.0 Lsize=  136658kB time=00:01:29.88 bitrate=12454.2kbits/s speed=2.42x    
video:136623kB audio:0kB subtitle:0kB other streams:0kB global headers:0kB muxing overhead: 0.025514%
DEBUG ExitCode: 0
DEBUG Invoke-Process
File: ffmpeg
Arg: -y -nostats -i output.mp4 -i input.mp4 -filter_complex libvmaf=vmaf_v0.6.1.pkl -an -f null -
ArgList:

ffmpeg version git-2020-08-06-2c35797 Copyright (c) 2000-2020 the FFmpeg developers
  built with gcc 10.2.1 (GCC) 20200805
  configuration: --disable-static --enable-shared --enable-gpl --enable-version3 --enable-sdl2 --enable-fontconfig --enable-gnutls --enable-iconv --enable-libass --enable-libdav1d --enable-libbluray --enable-libfreetype --enable-libmp3lame --enable-libopencore-amrnb --enable-libopencore-amrwb --enable-libopenjpeg --enable-libopus --enable-libshine --enable-libsnappy --enable-libsoxr --enable-libsrt --enable-libtheora --enable-libtwolame --enable-libvpx --enable-libwavpack --enable-libwebp --enable-libx264 --enable-libx265 --enable-libxml2 --enable-libzimg --enable-lzma --enable-zlib --enable-gmp --enable-libvidstab --enable-libvmaf --enable-libvorbis --enable-libvo-amrwbenc --enable-libmysofa --enable-libspeex --enable-libxvid --enable-libaom --enable-libgsm --enable-librav1e --disable-w32threads --enable-libmfx --enable-ffnvcodec --enable-cuda-llvm --enable-cuvid --enable-d3d11va --enable-nvenc --enable-nvdec --enable-dxva2 --enable-avisynth --enable-libopenmpt --enable-amf
  libavutil      56. 58.100 / 56. 58.100
  libavcodec     58. 99.100 / 58. 99.100
  libavformat    58. 49.100 / 58. 49.100
  libavdevice    58. 11.101 / 58. 11.101
  libavfilter     7. 87.100 /  7. 87.100
  libswscale      5.  8.100 /  5.  8.100
  libswresample   3.  8.100 /  3.  8.100
  libpostproc    55.  8.100 / 55.  8.100
Input #0, mov,mp4,m4a,3gp,3g2,mj2, from 'output.mp4':
  Metadata:
    major_brand     : isom
    compatible_brands: isomiso2mp41
    encoder         : Lavf58.49.100
  Duration: 00:01:30.02, start: 0.000000, bitrate: 12435 kb/s
    minor_version   : 512
    Stream #0:0(und): Video: hevc (Main 10) (hev1 / 0x31766568), yuv420p10le(tv, bt709, progressive), 1920x1080 [SAR 1:1 DAR 16:9], 12432 kb/s, 29.97 fps, 29.97 tbr, 30k tbn, 29.97 tbc (default)
      handler_name    : VideoHandler
    Metadata:
Input #1, mov,mp4,m4a,3gp,3g2,mj2, from 'input.mp4':
  Metadata:
    major_brand     : isom
    minor_version   : 512
    compatible_brands: isomiso2mp41
    encoder         : Lavf58.45.100
  Duration: 00:01:30.02, start: 0.000000, bitrate: 181885 kb/s
    Stream #1:0(und): Video: hevc (Main) (hev1 / 0x31766568), yuv420p(tv, bt709, progressive), 1920x1080 [SAR 1:1 DAR 16:9], 181884 kb/s, 29.97 fps, 29.97 tbr, 30k tbn, 29.97 tbc (default)
    Metadata:
      handler_name    : VideoHandler
Stream mapping:
  libvmaf -> Stream #0:0 (wrapped_avframe)
  Stream #1:0 (hevc) -> libvmaf:reference
Press [q] to stop, [?] for help
  Stream #0:0 (hevc) -> libvmaf:main
  Metadata:
Output #0, null, to 'pipe:':
    major_brand     : isom
    minor_version   : 512
    compatible_brands: isomiso2mp41
    encoder         : Lavf58.49.100
    Stream #0:0: Video: wrapped_avframe, yuv420p10le, 1920x1080 [SAR 1:1 DAR 16:9], q=2-31, 200 kb/s, 29.97 fps, 29.97 tbn, 29.97 tbc (default)
    Metadata:
      encoder         : Lavc58.99.100 wrapped_avframe
frame= 2698 fps= 26 q=-0.0 Lsize=N/A time=00:01:30.02 bitrate=N/A speed=0.872x    
video:1412kB audio:0kB subtitle:0kB other streams:0kB global headers:0kB muxing overhead: unknown
[libvmaf @ 0000016a3058af00] VMAF score: 97.908246
DEBUG ExitCode: 0
133.5MB
DEBUG Invoke-Process
File: ffmpeg
Arg: -y -nostats -analyzeduration 30M -probesize 100M -fflags +discardcorrupt -i input.mp4 -an -c:v hevc_nvenc -preset:v p7 -profile:v main10 -rc:v constqp -rc-lookahead 0 -spatial-aq 0 -temporal-aq 0 -weighted_pred 0 -b_ref_mode 2 -init_qpI 4 -init_qpP 20 -init_qpB 20 -g 60 -bf 3 -pix_fmt yuv420p10le -color_range tv -color_primaries bt709 -color_trc bt709 -colorspace bt709 -movflags +faststart output.mp4
ArgList:

ffmpeg version git-2020-08-06-2c35797 Copyright (c) 2000-2020 the FFmpeg developers
  built with gcc 10.2.1 (GCC) 20200805
  configuration: --disable-static --enable-shared --enable-gpl --enable-version3 --enable-sdl2 --enable-fontconfig --enable-gnutls --enable-iconv --enable-libass --enable-libdav1d --enable-libbluray --enable-libfreetype --enable-libmp3lame --enable-libopencore-amrnb --enable-libopencore-amrwb --enable-libopenjpeg --enable-libopus --enable-libshine --enable-libsnappy --enable-libsoxr --enable-libsrt --enable-libtheora --enable-libtwolame --enable-libvpx --enable-libwavpack --enable-libwebp --enable-libx264 --enable-libx265 --enable-libxml2 --enable-libzimg --enable-lzma --enable-zlib --enable-gmp --enable-libvidstab --enable-libvmaf --enable-libvorbis --enable-libvo-amrwbenc --enable-libmysofa --enable-libspeex --enable-libxvid --enable-libaom --enable-libgsm --enable-librav1e --disable-w32threads --enable-libmfx --enable-ffnvcodec --enable-cuda-llvm --enable-cuvid --enable-d3d11va --enable-nvenc --enable-nvdec --enable-dxva2 --enable-avisynth --enable-libopenmpt --enable-amf
  libavutil      56. 58.100 / 56. 58.100
  libavformat    58. 49.100 / 58. 49.100
  libavdevice    58. 11.101 / 58. 11.101
  libavfilter     7. 87.100 /  7. 87.100
  libswscale      5.  8.100 /  5.  8.100
  libswresample   3.  8.100 /  3.  8.100
  libpostproc    55.  8.100 / 55.  8.100
  libavcodec     58. 99.100 / 58. 99.100
Input #0, mov,mp4,m4a,3gp,3g2,mj2, from 'input.mp4':
  Metadata:
    major_brand     : isom
    minor_version   : 512
    compatible_brands: isomiso2mp41
  Duration: 00:01:30.02, start: 0.000000, bitrate: 181885 kb/s
    encoder         : Lavf58.45.100
    Stream #0:0(und): Video: hevc (Main) (hev1 / 0x31766568), yuv420p(tv, bt709, progressive), 1920x1080 [SAR 1:1 DAR 16:9], 181884 kb/s, 29.97 fps, 29.97 tbr, 30k tbn, 29.97 tbc (default)
    Metadata:
      handler_name    : VideoHandler
Stream mapping:
  Stream #0:0 -> #0:0 (hevc (native) -> hevc (hevc_nvenc))
Press [q] to stop, [?] for help
Incompatible pixel format 'yuv420p10le' for codec 'hevc_nvenc', auto-selecting format 'p010le'
Output #0, mp4, to 'output.mp4':
  Metadata:
    minor_version   : 512
    major_brand     : isom
    Stream #0:0(und): Video: hevc (hevc_nvenc) (Main 10) (hev1 / 0x31766568), p010le(tv, bt709), 1920x1080 [SAR 1:1 DAR 16:9], q=-1--1, 2000 kb/s, 29.97 fps, 30k tbn, 29.97 tbc (default)
    Metadata:
    encoder         : Lavf58.49.100
      cpb: bitrate max/min/avg: 0/0/2000000 buffer size: 4000000 vbv_delay: N/A
    Side data:
      handler_name    : VideoHandler
      encoder         : Lavc58.99.100 hevc_nvenc
    compatible_brands: isomiso2mp41
[mp4 @ 000002a1762cf000] Starting second pass: moving the moov atom to the beginning of the file
frame= 2698 fps= 67 q=19.0 Lsize=  133182kB time=00:01:29.88 bitrate=12137.4kbits/s speed=2.22x    
video:133147kB audio:0kB subtitle:0kB other streams:0kB global headers:0kB muxing overhead: 0.026160%
DEBUG ExitCode: 0
DEBUG Invoke-Process
File: ffmpeg
Arg: -y -nostats -i output.mp4 -i input.mp4 -filter_complex libvmaf=vmaf_v0.6.1.pkl -an -f null -
ArgList:

ffmpeg version git-2020-08-06-2c35797 Copyright (c) 2000-2020 the FFmpeg developers
  built with gcc 10.2.1 (GCC) 20200805
  configuration: --disable-static --enable-shared --enable-gpl --enable-version3 --enable-sdl2 --enable-fontconfig --enable-gnutls --enable-iconv --enable-libass --enable-libdav1d --enable-libbluray --enable-libfreetype --enable-libmp3lame --enable-libopencore-amrnb --enable-libopencore-amrwb --enable-libopenjpeg --enable-libopus --enable-libshine --enable-libsnappy --enable-libsoxr --enable-libsrt --enable-libtheora --enable-libtwolame --enable-libvpx --enable-libwavpack --enable-libwebp --enable-libx264 --enable-libx265 --enable-libxml2 --enable-libzimg --enable-lzma --enable-zlib --enable-gmp --enable-libvidstab --enable-libvmaf --enable-libvorbis --enable-libvo-amrwbenc --enable-libmysofa --enable-libspeex --enable-libxvid --enable-libaom --enable-libgsm --enable-librav1e --disable-w32threads --enable-libmfx --enable-ffnvcodec --enable-cuda-llvm --enable-cuvid --enable-d3d11va --enable-nvenc --enable-nvdec --enable-dxva2 --enable-avisynth --enable-libopenmpt --enable-amf
  libavutil      56. 58.100 / 56. 58.100
  libavcodec     58. 99.100 / 58. 99.100
  libavformat    58. 49.100 / 58. 49.100
  libavdevice    58. 11.101 / 58. 11.101
  libavfilter     7. 87.100 /  7. 87.100
  libswscale      5.  8.100 /  5.  8.100
  libswresample   3.  8.100 /  3.  8.100
  libpostproc    55.  8.100 / 55.  8.100
Input #0, mov,mp4,m4a,3gp,3g2,mj2, from 'output.mp4':
  Metadata:
    compatible_brands: isomiso2mp41
    minor_version   : 512
    encoder         : Lavf58.49.100
  Duration: 00:01:30.02, start: 0.000000, bitrate: 12119 kb/s
    major_brand     : isom
    Stream #0:0(und): Video: hevc (Main 10) (hev1 / 0x31766568), yuv420p10le(tv, bt709, progressive), 1920x1080 [SAR 1:1 DAR 16:9], 12116 kb/s, 29.97 fps, 29.97 tbr, 30k tbn, 29.97 tbc (default)
    Metadata:
      handler_name    : VideoHandler
Input #1, mov,mp4,m4a,3gp,3g2,mj2, from 'input.mp4':
  Metadata:
    compatible_brands: isomiso2mp41
    encoder         : Lavf58.45.100
  Duration: 00:01:30.02, start: 0.000000, bitrate: 181885 kb/s
    minor_version   : 512
    major_brand     : isom
    Stream #1:0(und): Video: hevc (Main) (hev1 / 0x31766568), yuv420p(tv, bt709, progressive), 1920x1080 [SAR 1:1 DAR 16:9], 181884 kb/s, 29.97 fps, 29.97 tbr, 30k tbn, 29.97 tbc (default)
    Metadata:
      handler_name    : VideoHandler
Stream mapping:
  Stream #0:0 (hevc) -> libvmaf:main
  libvmaf -> Stream #0:0 (wrapped_avframe)
  Stream #1:0 (hevc) -> libvmaf:reference
Press [q] to stop, [?] for help
Output #0, null, to 'pipe:':
    major_brand     : isom
    compatible_brands: isomiso2mp41
    encoder         : Lavf58.49.100
    minor_version   : 512
    Stream #0:0: Video: wrapped_avframe, yuv420p10le, 1920x1080 [SAR 1:1 DAR 16:9], q=2-31, 200 kb/s, 29.97 fps, 29.97 tbn, 29.97 tbc (default)
    Metadata:
      encoder         : Lavc58.99.100 wrapped_avframe
  Metadata:
frame= 2698 fps= 26 q=-0.0 Lsize=N/A time=00:01:30.02 bitrate=N/A speed=0.867x    
video:1412kB audio:0kB subtitle:0kB other streams:0kB global headers:0kB muxing overhead: unknown
[libvmaf @ 0000018f2997a580] VMAF score: 97.907981
DEBUG ExitCode: 0
130.1MB
DEBUG Invoke-Process
File: ffmpeg
Arg: -y -nostats -analyzeduration 30M -probesize 100M -fflags +discardcorrupt -i input.mp4 -an -c:v hevc_nvenc -preset:v p7 -profile:v main10 -rc:v constqp -rc-lookahead 0 -spatial-aq 0 -temporal-aq 0 -weighted_pred 0 -b_ref_mode 2 -init_qpI 8 -init_qpP 20 -init_qpB 20 -g 60 -bf 3 -pix_fmt yuv420p10le -color_range tv -color_primaries bt709 -color_trc bt709 -colorspace bt709 -movflags +faststart output.mp4
ArgList:

ffmpeg version git-2020-08-06-2c35797 Copyright (c) 2000-2020 the FFmpeg developers
  built with gcc 10.2.1 (GCC) 20200805
  configuration: --disable-static --enable-shared --enable-gpl --enable-version3 --enable-sdl2 --enable-fontconfig --enable-gnutls --enable-iconv --enable-libass --enable-libdav1d --enable-libbluray --enable-libfreetype --enable-libmp3lame --enable-libopencore-amrnb --enable-libopencore-amrwb --enable-libopenjpeg --enable-libopus --enable-libshine --enable-libsnappy --enable-libsoxr --enable-libsrt --enable-libtheora --enable-libtwolame --enable-libvpx --enable-libwavpack --enable-libwebp --enable-libx264 --enable-libx265 --enable-libxml2 --enable-libzimg --enable-lzma --enable-zlib --enable-gmp --enable-libvidstab --enable-libvmaf --enable-libvorbis --enable-libvo-amrwbenc --enable-libmysofa --enable-libspeex --enable-libxvid --enable-libaom --enable-libgsm --enable-librav1e --disable-w32threads --enable-libmfx --enable-ffnvcodec --enable-cuda-llvm --enable-cuvid --enable-d3d11va --enable-nvenc --enable-nvdec --enable-dxva2 --enable-avisynth --enable-libopenmpt --enable-amf
  libavutil      56. 58.100 / 56. 58.100
  libavformat    58. 49.100 / 58. 49.100
  libavdevice    58. 11.101 / 58. 11.101
  libavfilter     7. 87.100 /  7. 87.100
  libswscale      5.  8.100 /  5.  8.100
  libswresample   3.  8.100 /  3.  8.100
  libpostproc    55.  8.100 / 55.  8.100
  libavcodec     58. 99.100 / 58. 99.100
Input #0, mov,mp4,m4a,3gp,3g2,mj2, from 'input.mp4':
  Metadata:
    major_brand     : isom
    minor_version   : 512
    compatible_brands: isomiso2mp41
    encoder         : Lavf58.45.100
  Duration: 00:01:30.02, start: 0.000000, bitrate: 181885 kb/s
    Stream #0:0(und): Video: hevc (Main) (hev1 / 0x31766568), yuv420p(tv, bt709, progressive), 1920x1080 [SAR 1:1 DAR 16:9], 181884 kb/s, 29.97 fps, 29.97 tbr, 30k tbn, 29.97 tbc (default)
    Metadata:
      handler_name    : VideoHandler
Stream mapping:
  Stream #0:0 -> #0:0 (hevc (native) -> hevc (hevc_nvenc))
Press [q] to stop, [?] for help
Incompatible pixel format 'yuv420p10le' for codec 'hevc_nvenc', auto-selecting format 'p010le'
Output #0, mp4, to 'output.mp4':
    minor_version   : 512
    compatible_brands: isomiso2mp41
    encoder         : Lavf58.49.100
    Stream #0:0(und): Video: hevc (hevc_nvenc) (Main 10) (hev1 / 0x31766568), p010le(tv, bt709), 1920x1080 [SAR 1:1 DAR 16:9], q=-1--1, 2000 kb/s, 29.97 fps, 30k tbn, 29.97 tbc (default)
    Metadata:
      handler_name    : VideoHandler
      encoder         : Lavc58.99.100 hevc_nvenc
    major_brand     : isom
  Metadata:
      cpb: bitrate max/min/avg: 0/0/2000000 buffer size: 4000000 vbv_delay: N/A
    Side data:
[mp4 @ 000001a31fdff000] Starting second pass: moving the moov atom to the beginning of the file
frame= 2698 fps= 68 q=19.0 Lsize=  125863kB time=00:01:29.88 bitrate=11470.4kbits/s speed=2.28x    
video:125829kB audio:0kB subtitle:0kB other streams:0kB global headers:0kB muxing overhead: 0.027461%
DEBUG ExitCode: 0
DEBUG Invoke-Process
File: ffmpeg
Arg: -y -nostats -i output.mp4 -i input.mp4 -filter_complex libvmaf=vmaf_v0.6.1.pkl -an -f null -
ArgList:

ffmpeg version git-2020-08-06-2c35797 Copyright (c) 2000-2020 the FFmpeg developers
  built with gcc 10.2.1 (GCC) 20200805
  configuration: --disable-static --enable-shared --enable-gpl --enable-version3 --enable-sdl2 --enable-fontconfig --enable-gnutls --enable-iconv --enable-libass --enable-libdav1d --enable-libbluray --enable-libfreetype --enable-libmp3lame --enable-libopencore-amrnb --enable-libopencore-amrwb --enable-libopenjpeg --enable-libopus --enable-libshine --enable-libsnappy --enable-libsoxr --enable-libsrt --enable-libtheora --enable-libtwolame --enable-libvpx --enable-libwavpack --enable-libwebp --enable-libx264 --enable-libx265 --enable-libxml2 --enable-libzimg --enable-lzma --enable-zlib --enable-gmp --enable-libvidstab --enable-libvmaf --enable-libvorbis --enable-libvo-amrwbenc --enable-libmysofa --enable-libspeex --enable-libxvid --enable-libaom --enable-libgsm --enable-librav1e --disable-w32threads --enable-libmfx --enable-ffnvcodec --enable-cuda-llvm --enable-cuvid --enable-d3d11va --enable-nvenc --enable-nvdec --enable-dxva2 --enable-avisynth --enable-libopenmpt --enable-amf
  libavcodec     58. 99.100 / 58. 99.100
  libavformat    58. 49.100 / 58. 49.100
  libavdevice    58. 11.101 / 58. 11.101
  libavfilter     7. 87.100 /  7. 87.100
  libswscale      5.  8.100 /  5.  8.100
  libswresample   3.  8.100 /  3.  8.100
  libpostproc    55.  8.100 / 55.  8.100
  libavutil      56. 58.100 / 56. 58.100
Input #0, mov,mp4,m4a,3gp,3g2,mj2, from 'output.mp4':
  Metadata:
    major_brand     : isom
    minor_version   : 512
  Duration: 00:01:30.02, start: 0.000000, bitrate: 11453 kb/s
    encoder         : Lavf58.49.100
    compatible_brands: isomiso2mp41
    Stream #0:0(und): Video: hevc (Main 10) (hev1 / 0x31766568), yuv420p10le(tv, bt709, progressive), 1920x1080 [SAR 1:1 DAR 16:9], 11450 kb/s, 29.97 fps, 29.97 tbr, 30k tbn, 29.97 tbc (default)
    Metadata:
      handler_name    : VideoHandler
Input #1, mov,mp4,m4a,3gp,3g2,mj2, from 'input.mp4':
  Metadata:
    minor_version   : 512
    major_brand     : isom
    compatible_brands: isomiso2mp41
  Duration: 00:01:30.02, start: 0.000000, bitrate: 181885 kb/s
    encoder         : Lavf58.45.100
    Stream #1:0(und): Video: hevc (Main) (hev1 / 0x31766568), yuv420p(tv, bt709, progressive), 1920x1080 [SAR 1:1 DAR 16:9], 181884 kb/s, 29.97 fps, 29.97 tbr, 30k tbn, 29.97 tbc (default)
    Metadata:
      handler_name    : VideoHandler
Stream mapping:
  Stream #0:0 (hevc) -> libvmaf:main
Press [q] to stop, [?] for help
  Stream #1:0 (hevc) -> libvmaf:reference
  libvmaf -> Stream #0:0 (wrapped_avframe)
Output #0, null, to 'pipe:':
  Metadata:
    major_brand     : isom
    encoder         : Lavf58.49.100
    minor_version   : 512
    compatible_brands: isomiso2mp41
    Stream #0:0: Video: wrapped_avframe, yuv420p10le, 1920x1080 [SAR 1:1 DAR 16:9], q=2-31, 200 kb/s, 29.97 fps, 29.97 tbn, 29.97 tbc (default)
      encoder         : Lavc58.99.100 wrapped_avframe
    Metadata:
frame= 2698 fps= 26 q=-0.0 Lsize=N/A time=00:01:30.02 bitrate=N/A speed=0.873x    
video:1412kB audio:0kB subtitle:0kB other streams:0kB global headers:0kB muxing overhead: unknown
[libvmaf @ 00000252a88a0400] VMAF score: 97.905043
DEBUG ExitCode: 0
122.9MB
DEBUG Invoke-Process
File: ffmpeg
Arg: -y -nostats -analyzeduration 30M -probesize 100M -fflags +discardcorrupt -i input.mp4 -an -c:v hevc_nvenc -preset:v p7 -profile:v main10 -rc:v constqp -rc-lookahead 0 -spatial-aq 0 -temporal-aq 0 -weighted_pred 0 -b_ref_mode 2 -init_qpI 20 -init_qpP 20 -init_qpB 20 -g 60 -bf 3 -pix_fmt yuv420p10le -color_range tv -color_primaries bt709 -color_trc bt709 -colorspace bt709 -movflags +faststart output.mp4
ArgList:

ffmpeg version git-2020-08-06-2c35797 Copyright (c) 2000-2020 the FFmpeg developers
  built with gcc 10.2.1 (GCC) 20200805
  configuration: --disable-static --enable-shared --enable-gpl --enable-version3 --enable-sdl2 --enable-fontconfig --enable-gnutls --enable-iconv --enable-libass --enable-libdav1d --enable-libbluray --enable-libfreetype --enable-libmp3lame --enable-libopencore-amrnb --enable-libopencore-amrwb --enable-libopenjpeg --enable-libopus --enable-libshine --enable-libsnappy --enable-libsoxr --enable-libsrt --enable-libtheora --enable-libtwolame --enable-libvpx --enable-libwavpack --enable-libwebp --enable-libx264 --enable-libx265 --enable-libxml2 --enable-libzimg --enable-lzma --enable-zlib --enable-gmp --enable-libvidstab --enable-libvmaf --enable-libvorbis --enable-libvo-amrwbenc --enable-libmysofa --enable-libspeex --enable-libxvid --enable-libaom --enable-libgsm --enable-librav1e --disable-w32threads --enable-libmfx --enable-ffnvcodec --enable-cuda-llvm --enable-cuvid --enable-d3d11va --enable-nvenc --enable-nvdec --enable-dxva2 --enable-avisynth --enable-libopenmpt --enable-amf
  libavutil      56. 58.100 / 56. 58.100
  libavformat    58. 49.100 / 58. 49.100
  libavdevice    58. 11.101 / 58. 11.101
  libavfilter     7. 87.100 /  7. 87.100
  libswscale      5.  8.100 /  5.  8.100
  libpostproc    55.  8.100 / 55.  8.100
  libswresample   3.  8.100 /  3.  8.100
  libavcodec     58. 99.100 / 58. 99.100
Input #0, mov,mp4,m4a,3gp,3g2,mj2, from 'input.mp4':
  Metadata:
    minor_version   : 512
    compatible_brands: isomiso2mp41
    major_brand     : isom
    encoder         : Lavf58.45.100
  Duration: 00:01:30.02, start: 0.000000, bitrate: 181885 kb/s
    Stream #0:0(und): Video: hevc (Main) (hev1 / 0x31766568), yuv420p(tv, bt709, progressive), 1920x1080 [SAR 1:1 DAR 16:9], 181884 kb/s, 29.97 fps, 29.97 tbr, 30k tbn, 29.97 tbc (default)
      handler_name    : VideoHandler
    Metadata:
Stream mapping:
Press [q] to stop, [?] for help
  Stream #0:0 -> #0:0 (hevc (native) -> hevc (hevc_nvenc))
Incompatible pixel format 'yuv420p10le' for codec 'hevc_nvenc', auto-selecting format 'p010le'
  Metadata:
    major_brand     : isom
    compatible_brands: isomiso2mp41
    Stream #0:0(und): Video: hevc (hevc_nvenc) (Main 10) (hev1 / 0x31766568), p010le(tv, bt709), 1920x1080 [SAR 1:1 DAR 16:9], q=-1--1, 2000 kb/s, 29.97 fps, 30k tbn, 29.97 tbc (default)
    encoder         : Lavf58.49.100
Output #0, mp4, to 'output.mp4':
    Metadata:
      handler_name    : VideoHandler
      cpb: bitrate max/min/avg: 0/0/2000000 buffer size: 4000000 vbv_delay: N/A
      encoder         : Lavc58.99.100 hevc_nvenc
    Side data:
    minor_version   : 512
[mp4 @ 0000018ffc90f000] Starting second pass: moving the moov atom to the beginning of the file
frame= 2698 fps= 68 q=19.0 Lsize=  115687kB time=00:01:29.88 bitrate=10543.0kbits/s speed=2.25x    
video:115653kB audio:0kB subtitle:0kB other streams:0kB global headers:0kB muxing overhead: 0.029742%
DEBUG ExitCode: 0
DEBUG Invoke-Process
File: ffmpeg
Arg: -y -nostats -i output.mp4 -i input.mp4 -filter_complex libvmaf=vmaf_v0.6.1.pkl -an -f null -
ArgList:

ffmpeg version git-2020-08-06-2c35797 Copyright (c) 2000-2020 the FFmpeg developers
  built with gcc 10.2.1 (GCC) 20200805
  configuration: --disable-static --enable-shared --enable-gpl --enable-version3 --enable-sdl2 --enable-fontconfig --enable-gnutls --enable-iconv --enable-libass --enable-libdav1d --enable-libbluray --enable-libfreetype --enable-libmp3lame --enable-libopencore-amrnb --enable-libopencore-amrwb --enable-libopenjpeg --enable-libopus --enable-libshine --enable-libsnappy --enable-libsoxr --enable-libsrt --enable-libtheora --enable-libtwolame --enable-libvpx --enable-libwavpack --enable-libwebp --enable-libx264 --enable-libx265 --enable-libxml2 --enable-libzimg --enable-lzma --enable-zlib --enable-gmp --enable-libvidstab --enable-libvmaf --enable-libvorbis --enable-libvo-amrwbenc --enable-libmysofa --enable-libspeex --enable-libxvid --enable-libaom --enable-libgsm --enable-librav1e --disable-w32threads --enable-libmfx --enable-ffnvcodec --enable-cuda-llvm --enable-cuvid --enable-d3d11va --enable-nvenc --enable-nvdec --enable-dxva2 --enable-avisynth --enable-libopenmpt --enable-amf
  libavformat    58. 49.100 / 58. 49.100
  libavdevice    58. 11.101 / 58. 11.101
  libavutil      56. 58.100 / 56. 58.100
  libavfilter     7. 87.100 /  7. 87.100
  libswresample   3.  8.100 /  3.  8.100
  libswscale      5.  8.100 /  5.  8.100
  libpostproc    55.  8.100 / 55.  8.100
  libavcodec     58. 99.100 / 58. 99.100
  Metadata:
