**********************
PowerShell transcript start
Start time: 20200807200320
**********************
Transcript started, output file is ./logs/hevcnvenc_weightp.log
DEBUG Invoke-Process
File: ffmpeg
Arg: -y -nostats -analyzeduration 30M -probesize 100M -fflags +discardcorrupt -i input.mp4 -an -c:v hevc_nvenc -preset:v p7 -profile:v main10 -rc:v constqp -rc-lookahead 0 -spatial-aq 0 -temporal-aq 0 -weighted_pred 0 -b_ref_mode 2 -init_qpI 22 -init_qpP 24 -init_qpB 25 -g 60 -bf 0 -pix_fmt yuv420p10le -color_range tv -color_primaries bt709 -color_trc bt709 -colorspace bt709 -movflags +faststart output.mp4
ArgList:

ffmpeg version git-2020-08-06-2c35797 Copyright (c) 2000-2020 the FFmpeg developers
  built with gcc 10.2.1 (GCC) 20200805
  configuration: --disable-static --enable-shared --enable-gpl --enable-version3 --enable-sdl2 --enable-fontconfig --enable-gnutls --enable-iconv --enable-libass --enable-libdav1d --enable-libbluray --enable-libfreetype --enable-libmp3lame --enable-libopencore-amrnb --enable-libopencore-amrwb --enable-libopenjpeg --enable-libopus --enable-libshine --enable-libsnappy --enable-libsoxr --enable-libsrt --enable-libtheora --enable-libtwolame --enable-libvpx --enable-libwavpack --enable-libwebp --enable-libx264 --enable-libx265 --enable-libxml2 --enable-libzimg --enable-lzma --enable-zlib --enable-gmp --enable-libvidstab --enable-libvmaf --enable-libvorbis --enable-libvo-amrwbenc --enable-libmysofa --enable-libspeex --enable-libxvid --enable-libaom --enable-libgsm --enable-librav1e --disable-w32threads --enable-libmfx --enable-ffnvcodec --enable-cuda-llvm --enable-cuvid --enable-d3d11va --enable-nvenc --enable-nvdec --enable-dxva2 --enable-avisynth --enable-libopenmpt --enable-amf
  libavformat    58. 49.100 / 58. 49.100
  libavcodec     58. 99.100 / 58. 99.100
  libavdevice    58. 11.101 / 58. 11.101
  libavfilter     7. 87.100 /  7. 87.100
  libswscale      5.  8.100 /  5.  8.100
  libswresample   3.  8.100 /  3.  8.100
  libpostproc    55.  8.100 / 55.  8.100
  libavutil      56. 58.100 / 56. 58.100
Input #0, mov,mp4,m4a,3gp,3g2,mj2, from 'input.mp4':
  Metadata:
    major_brand     : isom
    minor_version   : 512
    compatible_brands: isomiso2mp41
    encoder         : Lavf58.45.100
  Duration: 00:01:30.02, start: 0.000000, bitrate: 181885 kb/s
    Stream #0:0(und): Video: hevc (Main) (hev1 / 0x31766568), yuv420p(tv, bt709, progressive), 1920x1080 [SAR 1:1 DAR 16:9], 181884 kb/s, 29.97 fps, 29.97 tbr, 30k tbn, 29.97 tbc (default)
    Metadata:
      handler_name    : VideoHandler
Stream mapping:
Press [q] to stop, [?] for help
  Stream #0:0 -> #0:0 (hevc (native) -> hevc (hevc_nvenc))
Incompatible pixel format 'yuv420p10le' for codec 'hevc_nvenc', auto-selecting format 'p010le'
Output #0, mp4, to 'output.mp4':
  Metadata:
    major_brand     : isom
    encoder         : Lavf58.49.100
    minor_version   : 512
    Stream #0:0(und): Video: hevc (hevc_nvenc) (Main 10) (hev1 / 0x31766568), p010le(tv, bt709), 1920x1080 [SAR 1:1 DAR 16:9], q=-1--1, 2000 kb/s, 29.97 fps, 30k tbn, 29.97 tbc (default)
    compatible_brands: isomiso2mp41
    Metadata:
      handler_name    : VideoHandler
      encoder         : Lavc58.99.100 hevc_nvenc
      cpb: bitrate max/min/avg: 0/0/2000000 buffer size: 4000000 vbv_delay: N/A
    Side data:
[mp4 @ 0000024d5384f000] Starting second pass: moving the moov atom to the beginning of the file
frame= 2698 fps= 71 q=23.0 Lsize=   72382kB time=00:01:29.98 bitrate=6589.1kbits/s speed=2.35x    
video:72370kB audio:0kB subtitle:0kB other streams:0kB global headers:0kB muxing overhead: 0.017513%
DEBUG ExitCode: 0
DEBUG Invoke-Process
File: ffmpeg
Arg: -y -nostats -i input.mp4 -i output.mp4 -filter_complex ssim -an -f null -
ArgList:

ffmpeg version git-2020-08-06-2c35797 Copyright (c) 2000-2020 the FFmpeg developers
  built with gcc 10.2.1 (GCC) 20200805
  configuration: --disable-static --enable-shared --enable-gpl --enable-version3 --enable-sdl2 --enable-fontconfig --enable-gnutls --enable-iconv --enable-libass --enable-libdav1d --enable-libbluray --enable-libfreetype --enable-libmp3lame --enable-libopencore-amrnb --enable-libopencore-amrwb --enable-libopenjpeg --enable-libopus --enable-libshine --enable-libsnappy --enable-libsoxr --enable-libsrt --enable-libtheora --enable-libtwolame --enable-libvpx --enable-libwavpack --enable-libwebp --enable-libx264 --enable-libx265 --enable-libxml2 --enable-libzimg --enable-lzma --enable-zlib --enable-gmp --enable-libvidstab --enable-libvmaf --enable-libvorbis --enable-libvo-amrwbenc --enable-libmysofa --enable-libspeex --enable-libxvid --enable-libaom --enable-libgsm --enable-librav1e --disable-w32threads --enable-libmfx --enable-ffnvcodec --enable-cuda-llvm --enable-cuvid --enable-d3d11va --enable-nvenc --enable-nvdec --enable-dxva2 --enable-avisynth --enable-libopenmpt --enable-amf
  libavutil      56. 58.100 / 56. 58.100
  libavcodec     58. 99.100 / 58. 99.100
  libavformat    58. 49.100 / 58. 49.100
  libavdevice    58. 11.101 / 58. 11.101
  libavfilter     7. 87.100 /  7. 87.100
  libswscale      5.  8.100 /  5.  8.100
  libswresample   3.  8.100 /  3.  8.100
  libpostproc    55.  8.100 / 55.  8.100
Input #0, mov,mp4,m4a,3gp,3g2,mj2, from 'input.mp4':
  Metadata:
    major_brand     : isom
    minor_version   : 512
    compatible_brands: isomiso2mp41
  Duration: 00:01:30.02, start: 0.000000, bitrate: 181885 kb/s
    encoder         : Lavf58.45.100
    Stream #0:0(und): Video: hevc (Main) (hev1 / 0x31766568), yuv420p(tv, bt709, progressive), 1920x1080 [SAR 1:1 DAR 16:9], 181884 kb/s, 29.97 fps, 29.97 tbr, 30k tbn, 29.97 tbc (default)
    Metadata:
      handler_name    : VideoHandler
Input #1, mov,mp4,m4a,3gp,3g2,mj2, from 'output.mp4':
  Metadata:
    minor_version   : 512
    compatible_brands: isomiso2mp41
    encoder         : Lavf58.49.100
    major_brand     : isom
  Duration: 00:01:30.02, start: 0.000000, bitrate: 6586 kb/s
    Stream #1:0(und): Video: hevc (Main 10) (hev1 / 0x31766568), yuv420p10le(tv, bt709, progressive), 1920x1080 [SAR 1:1 DAR 16:9], 6585 kb/s, 29.97 fps, 29.97 tbr, 30k tbn, 29.97 tbc (default)
    Metadata:
      handler_name    : VideoHandler
Stream mapping:
  Stream #1:0 (hevc) -> ssim:reference
  Stream #0:0 (hevc) -> ssim:main
  ssim -> Stream #0:0 (wrapped_avframe)
Press [q] to stop, [?] for help
Output #0, null, to 'pipe:':
  Metadata:
    major_brand     : isom
    minor_version   : 512
    compatible_brands: isomiso2mp41
    encoder         : Lavf58.49.100
    Stream #0:0: Video: wrapped_avframe, yuv420p, 1920x1080 [SAR 1:1 DAR 16:9], q=2-31, 200 kb/s, 29.97 fps, 29.97 tbn, 29.97 tbc (default)
    Metadata:
      encoder         : Lavc58.99.100 wrapped_avframe
frame= 2698 fps= 70 q=-0.0 Lsize=N/A time=00:01:30.02 bitrate=N/A speed=2.34x    
video:1412kB audio:0kB subtitle:0kB other streams:0kB global headers:0kB muxing overhead: unknown
[Parsed_ssim_0 @ 000001af1a5eef00] SSIM Y:0.986065 (18.559022) U:0.984470 (18.088387) V:0.985118 (18.273467) All:0.985642 (18.428950)
DEBUG ExitCode: 0
DEBUG Invoke-Process
File: ffmpeg
Arg: -y -nostats -i output.mp4 -i input.mp4 -filter_complex libvmaf=vmaf_v0.6.1.pkl -an -f null -
ArgList:

ffmpeg version git-2020-08-06-2c35797 Copyright (c) 2000-2020 the FFmpeg developers
  built with gcc 10.2.1 (GCC) 20200805
  configuration: --disable-static --enable-shared --enable-gpl --enable-version3 --enable-sdl2 --enable-fontconfig --enable-gnutls --enable-iconv --enable-libass --enable-libdav1d --enable-libbluray --enable-libfreetype --enable-libmp3lame --enable-libopencore-amrnb --enable-libopencore-amrwb --enable-libopenjpeg --enable-libopus --enable-libshine --enable-libsnappy --enable-libsoxr --enable-libsrt --enable-libtheora --enable-libtwolame --enable-libvpx --enable-libwavpack --enable-libwebp --enable-libx264 --enable-libx265 --enable-libxml2 --enable-libzimg --enable-lzma --enable-zlib --enable-gmp --enable-libvidstab --enable-libvmaf --enable-libvorbis --enable-libvo-amrwbenc --enable-libmysofa --enable-libspeex --enable-libxvid --enable-libaom --enable-libgsm --enable-librav1e --disable-w32threads --enable-libmfx --enable-ffnvcodec --enable-cuda-llvm --enable-cuvid --enable-d3d11va --enable-nvenc --enable-nvdec --enable-dxva2 --enable-avisynth --enable-libopenmpt --enable-amf
  libavutil      56. 58.100 / 56. 58.100
  libavcodec     58. 99.100 / 58. 99.100
  libavdevice    58. 11.101 / 58. 11.101
  libavformat    58. 49.100 / 58. 49.100
  libavfilter     7. 87.100 /  7. 87.100
  libpostproc    55.  8.100 / 55.  8.100
  libswresample   3.  8.100 /  3.  8.100
  libswscale      5.  8.100 /  5.  8.100
Input #0, mov,mp4,m4a,3gp,3g2,mj2, from 'output.mp4':
  Metadata:
    major_brand     : isom
    minor_version   : 512
    compatible_brands: isomiso2mp41
    encoder         : Lavf58.49.100
  Duration: 00:01:30.02, start: 0.000000, bitrate: 6586 kb/s
    Stream #0:0(und): Video: hevc (Main 10) (hev1 / 0x31766568), yuv420p10le(tv, bt709, progressive), 1920x1080 [SAR 1:1 DAR 16:9], 6585 kb/s, 29.97 fps, 29.97 tbr, 30k tbn, 29.97 tbc (default)
    Metadata:
      handler_name    : VideoHandler
Input #1, mov,mp4,m4a,3gp,3g2,mj2, from 'input.mp4':
  Metadata:
    major_brand     : isom
    minor_version   : 512
    encoder         : Lavf58.45.100
    compatible_brands: isomiso2mp41
  Duration: 00:01:30.02, start: 0.000000, bitrate: 181885 kb/s
    Stream #1:0(und): Video: hevc (Main) (hev1 / 0x31766568), yuv420p(tv, bt709, progressive), 1920x1080 [SAR 1:1 DAR 16:9], 181884 kb/s, 29.97 fps, 29.97 tbr, 30k tbn, 29.97 tbc (default)
    Metadata:
      handler_name    : VideoHandler
Stream mapping:
  Stream #1:0 (hevc) -> libvmaf:reference
  Stream #0:0 (hevc) -> libvmaf:main
Press [q] to stop, [?] for help
  libvmaf -> Stream #0:0 (wrapped_avframe)
Output #0, null, to 'pipe:':
  Metadata:
    major_brand     : isom
    minor_version   : 512
    compatible_brands: isomiso2mp41
    encoder         : Lavf58.49.100
    Stream #0:0: Video: wrapped_avframe, yuv420p10le, 1920x1080 [SAR 1:1 DAR 16:9], q=2-31, 200 kb/s, 29.97 fps, 29.97 tbn, 29.97 tbc (default)
    Metadata:
      encoder         : Lavc58.99.100 wrapped_avframe
frame= 2698 fps= 26 q=-0.0 Lsize=N/A time=00:01:30.02 bitrate=N/A speed=0.851x    
video:1412kB audio:0kB subtitle:0kB other streams:0kB global headers:0kB muxing overhead: unknown
[libvmaf @ 0000026e91eddf80] VMAF score: 96.961863
DEBUG ExitCode: 0
70.7MB
DEBUG Invoke-Process
File: ffmpeg
Arg: -y -nostats -analyzeduration 30M -probesize 100M -fflags +discardcorrupt -i input.mp4 -an -c:v hevc_nvenc -preset:v p7 -profile:v main10 -rc:v constqp -rc-lookahead 0 -spatial-aq 0 -temporal-aq 0 -weighted_pred 1 -b_ref_mode 2 -init_qpI 22 -init_qpP 24 -init_qpB 25 -g 60 -bf 0 -pix_fmt yuv420p10le -color_range tv -color_primaries bt709 -color_trc bt709 -colorspace bt709 -movflags +faststart output.mp4
ArgList:

ffmpeg version git-2020-08-06-2c35797 Copyright (c) 2000-2020 the FFmpeg developers
  built with gcc 10.2.1 (GCC) 20200805
  configuration: --disable-static --enable-shared --enable-gpl --enable-version3 --enable-sdl2 --enable-fontconfig --enable-gnutls --enable-iconv --enable-libass --enable-libdav1d --enable-libbluray --enable-libfreetype --enable-libmp3lame --enable-libopencore-amrnb --enable-libopencore-amrwb --enable-libopenjpeg --enable-libopus --enable-libshine --enable-libsnappy --enable-libsoxr --enable-libsrt --enable-libtheora --enable-libtwolame --enable-libvpx --enable-libwavpack --enable-libwebp --enable-libx264 --enable-libx265 --enable-libxml2 --enable-libzimg --enable-lzma --enable-zlib --enable-gmp --enable-libvidstab --enable-libvmaf --enable-libvorbis --enable-libvo-amrwbenc --enable-libmysofa --enable-libspeex --enable-libxvid --enable-libaom --enable-libgsm --enable-librav1e --disable-w32threads --enable-libmfx --enable-ffnvcodec --enable-cuda-llvm --enable-cuvid --enable-d3d11va --enable-nvenc --enable-nvdec --enable-dxva2 --enable-avisynth --enable-libopenmpt --enable-amf
  libavutil      56. 58.100 / 56. 58.100
  libavcodec     58. 99.100 / 58. 99.100
  libavformat    58. 49.100 / 58. 49.100
  libavdevice    58. 11.101 / 58. 11.101
  libavfilter     7. 87.100 /  7. 87.100
  libswscale      5.  8.100 /  5.  8.100
  libswresample   3.  8.100 /  3.  8.100
  libpostproc    55.  8.100 / 55.  8.100
Input #0, mov,mp4,m4a,3gp,3g2,mj2, from 'input.mp4':
  Metadata:
    minor_version   : 512
    major_brand     : isom
    compatible_brands: isomiso2mp41
    encoder         : Lavf58.45.100
  Duration: 00:01:30.02, start: 0.000000, bitrate: 181885 kb/s
    Stream #0:0(und): Video: hevc (Main) (hev1 / 0x31766568), yuv420p(tv, bt709, progressive), 1920x1080 [SAR 1:1 DAR 16:9], 181884 kb/s, 29.97 fps, 29.97 tbr, 30k tbn, 29.97 tbc (default)
    Metadata:
      handler_name    : VideoHandler
Stream mapping:
  Stream #0:0 -> #0:0 (hevc (native) -> hevc (hevc_nvenc))
Press [q] to stop, [?] for help
Incompatible pixel format 'yuv420p10le' for codec 'hevc_nvenc', auto-selecting format 'p010le'
Output #0, mp4, to 'output.mp4':
  Metadata:
    major_brand     : isom
    Stream #0:0(und): Video: hevc (hevc_nvenc) (Main 10) (hev1 / 0x31766568), p010le(tv, bt709), 1920x1080 [SAR 1:1 DAR 16:9], q=-1--1, 2000 kb/s, 29.97 fps, 30k tbn, 29.97 tbc (default)
    encoder         : Lavf58.49.100
    compatible_brands: isomiso2mp41
    minor_version   : 512
      handler_name    : VideoHandler
    Side data:
      encoder         : Lavc58.99.100 hevc_nvenc
      cpb: bitrate max/min/avg: 0/0/2000000 buffer size: 4000000 vbv_delay: N/A
    Metadata:
[mp4 @ 0000026151dbf000] Starting second pass: moving the moov atom to the beginning of the file
frame= 2698 fps= 73 q=23.0 Lsize=   72379kB time=00:01:29.98 bitrate=6588.8kbits/s speed=2.42x    
video:72366kB audio:0kB subtitle:0kB other streams:0kB global headers:0kB muxing overhead: 0.017513%
DEBUG ExitCode: 0
DEBUG Invoke-Process
File: ffmpeg
Arg: -y -nostats -i input.mp4 -i output.mp4 -filter_complex ssim -an -f null -
ArgList:

ffmpeg version git-2020-08-06-2c35797 Copyright (c) 2000-2020 the FFmpeg developers
  libavutil      56. 58.100 / 56. 58.100
  libavcodec     58. 99.100 / 58. 99.100
  libavformat    58. 49.100 / 58. 49.100
  libavdevice    58. 11.101 / 58. 11.101
  libavfilter     7. 87.100 /  7. 87.100
  libswscale      5.  8.100 /  5.  8.100
  libswresample   3.  8.100 /  3.  8.100
  libpostproc    55.  8.100 / 55.  8.100
  built with gcc 10.2.1 (GCC) 20200805
  configuration: --disable-static --enable-shared --enable-gpl --enable-version3 --enable-sdl2 --enable-fontconfig --enable-gnutls --enable-iconv --enable-libass --enable-libdav1d --enable-libbluray --enable-libfreetype --enable-libmp3lame --enable-libopencore-amrnb --enable-libopencore-amrwb --enable-libopenjpeg --enable-libopus --enable-libshine --enable-libsnappy --enable-libsoxr --enable-libsrt --enable-libtheora --enable-libtwolame --enable-libvpx --enable-libwavpack --enable-libwebp --enable-libx264 --enable-libx265 --enable-libxml2 --enable-libzimg --enable-lzma --enable-zlib --enable-gmp --enable-libvidstab --enable-libvmaf --enable-libvorbis --enable-libvo-amrwbenc --enable-libmysofa --enable-libspeex --enable-libxvid --enable-libaom --enable-libgsm --enable-librav1e --disable-w32threads --enable-libmfx --enable-ffnvcodec --enable-cuda-llvm --enable-cuvid --enable-d3d11va --enable-nvenc --enable-nvdec --enable-dxva2 --enable-avisynth --enable-libopenmpt --enable-amf
Input #0, mov,mp4,m4a,3gp,3g2,mj2, from 'input.mp4':
  Metadata:
    major_brand     : isom
    minor_version   : 512
    encoder         : Lavf58.45.100
    compatible_brands: isomiso2mp41
  Duration: 00:01:30.02, start: 0.000000, bitrate: 181885 kb/s
    Metadata:
    Stream #0:0(und): Video: hevc (Main) (hev1 / 0x31766568), yuv420p(tv, bt709, progressive), 1920x1080 [SAR 1:1 DAR 16:9], 181884 kb/s, 29.97 fps, 29.97 tbr, 30k tbn, 29.97 tbc (default)
      handler_name    : VideoHandler
Input #1, mov,mp4,m4a,3gp,3g2,mj2, from 'output.mp4':
  Metadata:
    minor_version   : 512
    major_brand     : isom
    encoder         : Lavf58.49.100
  Duration: 00:01:30.02, start: 0.000000, bitrate: 6586 kb/s
    Metadata:
    Stream #1:0(und): Video: hevc (Main 10) (hev1 / 0x31766568), yuv420p10le(tv, bt709, progressive), 1920x1080 [SAR 1:1 DAR 16:9], 6585 kb/s, 29.97 fps, 29.97 tbr, 30k tbn, 29.97 tbc (default)
      handler_name    : VideoHandler
    compatible_brands: isomiso2mp41
Stream mapping:
  Stream #0:0 (hevc) -> ssim:main
  Stream #1:0 (hevc) -> ssim:reference
  ssim -> Stream #0:0 (wrapped_avframe)
Press [q] to stop, [?] for help
Output #0, null, to 'pipe:':
  Metadata:
    major_brand     : isom
    minor_version   : 512
    encoder         : Lavf58.49.100
    compatible_brands: isomiso2mp41
    Stream #0:0: Video: wrapped_avframe, yuv420p, 1920x1080 [SAR 1:1 DAR 16:9], q=2-31, 200 kb/s, 29.97 fps, 29.97 tbn, 29.97 tbc (default)
    Metadata:
      encoder         : Lavc58.99.100 wrapped_avframe
frame= 2698 fps= 72 q=-0.0 Lsize=N/A time=00:01:30.02 bitrate=N/A speed= 2.4x    
video:1412kB audio:0kB subtitle:0kB other streams:0kB global headers:0kB muxing overhead: unknown
[Parsed_ssim_0 @ 0000023c1e44eec0] SSIM Y:0.986060 (18.557350) U:0.984437 (18.079186) V:0.985067 (18.258544) All:0.985624 (18.423629)
DEBUG ExitCode: 0
DEBUG Invoke-Process
File: ffmpeg
Arg: -y -nostats -i output.mp4 -i input.mp4 -filter_complex libvmaf=vmaf_v0.6.1.pkl -an -f null -
ArgList:

ffmpeg version git-2020-08-06-2c35797 Copyright (c) 2000-2020 the FFmpeg developers
  built with gcc 10.2.1 (GCC) 20200805
  configuration: --disable-static --enable-shared --enable-gpl --enable-version3 --enable-sdl2 --enable-fontconfig --enable-gnutls --enable-iconv --enable-libass --enable-libdav1d --enable-libbluray --enable-libfreetype --enable-libmp3lame --enable-libopencore-amrnb --enable-libopencore-amrwb --enable-libopenjpeg --enable-libopus --enable-libshine --enable-libsnappy --enable-libsoxr --enable-libsrt --enable-libtheora --enable-libtwolame --enable-libvpx --enable-libwavpack --enable-libwebp --enable-libx264 --enable-libx265 --enable-libxml2 --enable-libzimg --enable-lzma --enable-zlib --enable-gmp --enable-libvidstab --enable-libvmaf --enable-libvorbis --enable-libvo-amrwbenc --enable-libmysofa --enable-libspeex --enable-libxvid --enable-libaom --enable-libgsm --enable-librav1e --disable-w32threads --enable-libmfx --enable-ffnvcodec --enable-cuda-llvm --enable-cuvid --enable-d3d11va --enable-nvenc --enable-nvdec --enable-dxva2 --enable-avisynth --enable-libopenmpt --enable-amf
  libavutil      56. 58.100 / 56. 58.100
  libavcodec     58. 99.100 / 58. 99.100
  libavformat    58. 49.100 / 58. 49.100
  libavdevice    58. 11.101 / 58. 11.101
  libavfilter     7. 87.100 /  7. 87.100
  libswscale      5.  8.100 /  5.  8.100
  libswresample   3.  8.100 /  3.  8.100
  libpostproc    55.  8.100 / 55.  8.100
Input #0, mov,mp4,m4a,3gp,3g2,mj2, from 'output.mp4':
  Metadata:
    major_brand     : isom
    minor_version   : 512
    encoder         : Lavf58.49.100
    compatible_brands: isomiso2mp41
  Duration: 00:01:30.02, start: 0.000000, bitrate: 6586 kb/s
    Stream #0:0(und): Video: hevc (Main 10) (hev1 / 0x31766568), yuv420p10le(tv, bt709, progressive), 1920x1080 [SAR 1:1 DAR 16:9], 6585 kb/s, 29.97 fps, 29.97 tbr, 30k tbn, 29.97 tbc (default)
    Metadata:
      handler_name    : VideoHandler
Input #1, mov,mp4,m4a,3gp,3g2,mj2, from 'input.mp4':
  Metadata:
    major_brand     : isom
    minor_version   : 512
    compatible_brands: isomiso2mp41
    encoder         : Lavf58.45.100
  Duration: 00:01:30.02, start: 0.000000, bitrate: 181885 kb/s
    Stream #1:0(und): Video: hevc (Main) (hev1 / 0x31766568), yuv420p(tv, bt709, progressive), 1920x1080 [SAR 1:1 DAR 16:9], 181884 kb/s, 29.97 fps, 29.97 tbr, 30k tbn, 29.97 tbc (default)
    Metadata:
      handler_name    : VideoHandler
Stream mapping:
  Stream #1:0 (hevc) -> libvmaf:reference
  Stream #0:0 (hevc) -> libvmaf:main
Press [q] to stop, [?] for help
  libvmaf -> Stream #0:0 (wrapped_avframe)
Output #0, null, to 'pipe:':
  Metadata:
    major_brand     : isom
    compatible_brands: isomiso2mp41
    encoder         : Lavf58.49.100
    minor_version   : 512
    Stream #0:0: Video: wrapped_avframe, yuv420p10le, 1920x1080 [SAR 1:1 DAR 16:9], q=2-31, 200 kb/s, 29.97 fps, 29.97 tbn, 29.97 tbc (default)
    Metadata:
      encoder         : Lavc58.99.100 wrapped_avframe
frame= 2698 fps= 26 q=-0.0 Lsize=N/A time=00:01:30.02 bitrate=N/A speed=0.872x    
video:1412kB audio:0kB subtitle:0kB other streams:0kB global headers:0kB muxing overhead: unknown
[libvmaf @ 00000207e9844680] VMAF score: 96.961692
DEBUG ExitCode: 0
70.7MB
**********************
PowerShell transcript end
End time: 20200807200922
**********************
