**********************
PowerShell transcript start
Start time: 20200810004103
**********************
Transcript started, output file is ./logs/hevcnvenc_initqpIPB_4_200807.avi.log
DEBUG Invoke-Process
File: ffmpeg
Arg: -y -nostats -analyzeduration 30M -probesize 100M -fflags +discardcorrupt -i 200807.avi -an -c:v hevc_nvenc -preset:v p7 -profile:v main10 -rc:v constqp -rc-lookahead 0 -spatial-aq 0 -temporal-aq 0 -weighted_pred 0 -init_qpI 10 -init_qpP 10 -init_qpB 10 -b_ref_mode 1 -dpb_size 4 -multipass 2 -g 60 -bf 3 -pix_fmt yuv420p10le -color_range tv -color_primaries bt709 -color_trc bt709 -colorspace bt709 -movflags +faststart output.mp4
ArgList:

built with gcc 10.2.1 (GCC) 20200805
  configuration: --disable-static --enable-shared --enable-gpl --enable-version3 --enable-sdl2 --enable-fontconfig --enable-gnutls --enable-iconv --enable-libass --enable-libdav1d --enable-libbluray --enable-libfreetype --enable-libmp3lame --enable-libopencore-amrnb --enable-libopencore-amrwb --enable-libopenjpeg --enable-libopus --enable-libshine --enable-libsnappy --enable-libsoxr --enable-libsrt --enable-libtheora --enable-libtwolame --enable-libvpx --enable-libwavpack --enable-libwebp --enable-libx264 --enable-libx265 --enable-libxml2 --enable-libzimg --enable-lzma --enable-zlib --enable-gmp --enable-libvidstab --enable-libvmaf --enable-libvorbis --enable-libvo-amrwbenc --enable-libmysofa --enable-libspeex --enable-libxvid --enable-libaom --enable-libgsm --enable-librav1e --disable-w32threads --enable-libmfx --enable-ffnvcodec --enable-cuda-llvm --enable-cuvid --enable-d3d11va --enable-nvenc --enable-nvdec --enable-dxva2 --enable-avisynth --enable-libopenmpt --enable-amf
  libpostproc    55.  8.100 / 55.  8.100
  libavdevice    58. 11.101 / 58. 11.101
  libswresample   3.  8.100 /  3.  8.100
  libavfilter     7. 87.100 /  7. 87.100
  libavutil      56. 58.100 / 56. 58.100
  libavformat    58. 49.100 / 58. 49.100
  libavcodec     58. 99.100 / 58. 99.100
  libswscale      5.  8.100 /  5.  8.100
ffmpeg version git-2020-08-06-2c35797 Copyright (c) 2000-2020 the FFmpeg developers
Input #0, avi, from '200807.avi':
  Metadata:
    encoder         : Lavf58.49.100
  Duration: 00:01:47.01, start: 0.000000, bitrate: 745754 kb/s
    Stream #0:0: Video: rawvideo (I420 / 0x30323449), yuv420p, 1920x1080, 745982 kb/s, SAR 1:1 DAR 16:9, 29.97 fps, 29.97 tbr, 29.97 tbn, 29.97 tbc
Stream mapping:
  Stream #0:0 -> #0:0 (rawvideo (native) -> hevc (hevc_nvenc))
Press [q] to stop, [?] for help
Incompatible pixel format 'yuv420p10le' for codec 'hevc_nvenc', auto-selecting format 'p010le'
Output #0, mp4, to 'output.mp4':
    Metadata:
  Metadata:
      encoder         : Lavc58.99.100 hevc_nvenc
    Side data:
      cpb: bitrate max/min/avg: 0/0/2000000 buffer size: 4000000 vbv_delay: N/A
    Stream #0:0: Video: hevc (hevc_nvenc) (Main 10) (hev1 / 0x31766568), p010le(tv, bt709), 1920x1080 [SAR 1:1 DAR 16:9], q=-1--1, 2000 kb/s, 29.97 fps, 30k tbn, 29.97 tbc
    encoder         : Lavf58.49.100
[mp4 @ 00000238f610b6c0] Starting second pass: moving the moov atom to the beginning of the file
frame= 3207 fps=129 q=9.0 Lsize=  644766kB time=00:01:46.87 bitrate=49422.2kbits/s speed=4.31x    
video:644733kB audio:0kB subtitle:0kB other streams:0kB global headers:0kB muxing overhead: 0.005054%
DEBUG ExitCode: 0
DEBUG Invoke-Process
File: ffmpeg
Arg: -y -nostats -i output.mp4 -i 200807.avi -filter_complex libvmaf=vmaf_v0.6.1.pkl -an -f null -
ArgList:

ffmpeg version git-2020-08-06-2c35797 Copyright (c) 2000-2020 the FFmpeg developers
  built with gcc 10.2.1 (GCC) 20200805
  libavutil      56. 58.100 / 56. 58.100
  configuration: --disable-static --enable-shared --enable-gpl --enable-version3 --enable-sdl2 --enable-fontconfig --enable-gnutls --enable-iconv --enable-libass --enable-libdav1d --enable-libbluray --enable-libfreetype --enable-libmp3lame --enable-libopencore-amrnb --enable-libopencore-amrwb --enable-libopenjpeg --enable-libopus --enable-libshine --enable-libsnappy --enable-libsoxr --enable-libsrt --enable-libtheora --enable-libtwolame --enable-libvpx --enable-libwavpack --enable-libwebp --enable-libx264 --enable-libx265 --enable-libxml2 --enable-libzimg --enable-lzma --enable-zlib --enable-gmp --enable-libvidstab --enable-libvmaf --enable-libvorbis --enable-libvo-amrwbenc --enable-libmysofa --enable-libspeex --enable-libxvid --enable-libaom --enable-libgsm --enable-librav1e --disable-w32threads --enable-libmfx --enable-ffnvcodec --enable-cuda-llvm --enable-cuvid --enable-d3d11va --enable-nvenc --enable-nvdec --enable-dxva2 --enable-avisynth --enable-libopenmpt --enable-amf
  libavcodec     58. 99.100 / 58. 99.100
  libavformat    58. 49.100 / 58. 49.100
  libavdevice    58. 11.101 / 58. 11.101
  libswscale      5.  8.100 /  5.  8.100
  libswresample   3.  8.100 /  3.  8.100
  libavfilter     7. 87.100 /  7. 87.100
  libpostproc    55.  8.100 / 55.  8.100
Input #0, mov,mp4,m4a,3gp,3g2,mj2, from 'output.mp4':
  Metadata:
    minor_version   : 512
    major_brand     : isom
    compatible_brands: isomiso2mp41
    encoder         : Lavf58.49.100
  Duration: 00:01:47.01, start: 0.000000, bitrate: 49360 kb/s
    Stream #0:0(und): Video: hevc (Main 10) (hev1 / 0x31766568), yuv420p10le(tv, bt709, progressive), 1920x1080 [SAR 1:1 DAR 16:9], 49358 kb/s, 29.97 fps, 29.97 tbr, 30k tbn, 29.97 tbc (default)
    Metadata:
      handler_name    : VideoHandler
Input #1, avi, from '200807.avi':
  Metadata:
    encoder         : Lavf58.49.100
  Duration: 00:01:47.01, start: 0.000000, bitrate: 745754 kb/s
    Stream #1:0: Video: rawvideo (I420 / 0x30323449), yuv420p, 1920x1080, 745982 kb/s, SAR 1:1 DAR 16:9, 29.97 fps, 29.97 tbr, 29.97 tbn, 29.97 tbc
Stream mapping:
  Stream #0:0 (hevc) -> libvmaf:main
  Stream #1:0 (rawvideo) -> libvmaf:reference
  libvmaf -> Stream #0:0 (wrapped_avframe)
Press [q] to stop, [?] for help
Output #0, null, to 'pipe:':
  Metadata:
    major_brand     : isom
    minor_version   : 512
    compatible_brands: isomiso2mp41
    encoder         : Lavf58.49.100
    Stream #0:0: Video: wrapped_avframe, yuv420p10le, 1920x1080 [SAR 1:1 DAR 16:9], q=2-31, 200 kb/s, 29.97 fps, 29.97 tbn, 29.97 tbc (default)
    Metadata:
      encoder         : Lavc58.99.100 wrapped_avframe
frame= 3207 fps= 28 q=-0.0 Lsize=N/A time=00:01:47.00 bitrate=N/A speed=0.918x    
video:1679kB audio:0kB subtitle:0kB other streams:0kB global headers:0kB muxing overhead: unknown
[libvmaf @ 000001c8f47bee40] VMAF score: 99.976635
DEBUG ExitCode: 0
629.65MB
DEBUG Invoke-Process
File: ffmpeg
Arg: -y -nostats -analyzeduration 30M -probesize 100M -fflags +discardcorrupt -i 200807.avi -an -c:v hevc_nvenc -preset:v p7 -profile:v main10 -rc:v constqp -rc-lookahead 0 -spatial-aq 0 -temporal-aq 0 -weighted_pred 0 -init_qpI 11 -init_qpP 11 -init_qpB 11 -b_ref_mode 1 -dpb_size 4 -multipass 2 -g 60 -bf 3 -pix_fmt yuv420p10le -color_range tv -color_primaries bt709 -color_trc bt709 -colorspace bt709 -movflags +faststart output.mp4
ArgList:

ffmpeg version git-2020-08-06-2c35797 Copyright (c) 2000-2020 the FFmpeg developers
  built with gcc 10.2.1 (GCC) 20200805
  configuration: --disable-static --enable-shared --enable-gpl --enable-version3 --enable-sdl2 --enable-fontconfig --enable-gnutls --enable-iconv --enable-libass --enable-libdav1d --enable-libbluray --enable-libfreetype --enable-libmp3lame --enable-libopencore-amrnb --enable-libopencore-amrwb --enable-libopenjpeg --enable-libopus --enable-libshine --enable-libsnappy --enable-libsoxr --enable-libsrt --enable-libtheora --enable-libtwolame --enable-libvpx --enable-libwavpack --enable-libwebp --enable-libx264 --enable-libx265 --enable-libxml2 --enable-libzimg --enable-lzma --enable-zlib --enable-gmp --enable-libvidstab --enable-libvmaf --enable-libvorbis --enable-libvo-amrwbenc --enable-libmysofa --enable-libspeex --enable-libxvid --enable-libaom --enable-libgsm --enable-librav1e --disable-w32threads --enable-libmfx --enable-ffnvcodec --enable-cuda-llvm --enable-cuvid --enable-d3d11va --enable-nvenc --enable-nvdec --enable-dxva2 --enable-avisynth --enable-libopenmpt --enable-amf
  libavformat    58. 49.100 / 58. 49.100
  libavcodec     58. 99.100 / 58. 99.100
  libavdevice    58. 11.101 / 58. 11.101
  libswscale      5.  8.100 /  5.  8.100
  libswresample   3.  8.100 /  3.  8.100
  libavutil      56. 58.100 / 56. 58.100
  libavfilter     7. 87.100 /  7. 87.100
  libpostproc    55.  8.100 / 55.  8.100
Input #0, avi, from '200807.avi':
  Metadata:
  Duration: 00:01:47.01, start: 0.000000, bitrate: 745754 kb/s
    Stream #0:0: Video: rawvideo (I420 / 0x30323449), yuv420p, 1920x1080, 745982 kb/s, SAR 1:1 DAR 16:9, 29.97 fps, 29.97 tbr, 29.97 tbn, 29.97 tbc
    encoder         : Lavf58.49.100
Stream mapping:
  Stream #0:0 -> #0:0 (rawvideo (native) -> hevc (hevc_nvenc))
Press [q] to stop, [?] for help
Incompatible pixel format 'yuv420p10le' for codec 'hevc_nvenc', auto-selecting format 'p010le'
  Metadata:
    Stream #0:0: Video: hevc (hevc_nvenc) (Main 10) (hev1 / 0x31766568), p010le(tv, bt709), 1920x1080 [SAR 1:1 DAR 16:9], q=-1--1, 2000 kb/s, 29.97 fps, 30k tbn, 29.97 tbc
Output #0, mp4, to 'output.mp4':
    Metadata:
    encoder         : Lavf58.49.100
      encoder         : Lavc58.99.100 hevc_nvenc
    Side data:
      cpb: bitrate max/min/avg: 0/0/2000000 buffer size: 4000000 vbv_delay: N/A
[mp4 @ 000001775b5db6c0] Starting second pass: moving the moov atom to the beginning of the file
frame= 3207 fps= 89 q=10.0 Lsize=  571784kB time=00:01:46.87 bitrate=43828.1kbits/s speed=2.97x    
video:571752kB audio:0kB subtitle:0kB other streams:0kB global headers:0kB muxing overhead: 0.005633%
DEBUG ExitCode: 0
DEBUG Invoke-Process
File: ffmpeg
Arg: -y -nostats -i output.mp4 -i 200807.avi -filter_complex libvmaf=vmaf_v0.6.1.pkl -an -f null -
ArgList:

ffmpeg version git-2020-08-06-2c35797 Copyright (c) 2000-2020 the FFmpeg developers
  built with gcc 10.2.1 (GCC) 20200805
  configuration: --disable-static --enable-shared --enable-gpl --enable-version3 --enable-sdl2 --enable-fontconfig --enable-gnutls --enable-iconv --enable-libass --enable-libdav1d --enable-libbluray --enable-libfreetype --enable-libmp3lame --enable-libopencore-amrnb --enable-libopencore-amrwb --enable-libopenjpeg --enable-libopus --enable-libshine --enable-libsnappy --enable-libsoxr --enable-libsrt --enable-libtheora --enable-libtwolame --enable-libvpx --enable-libwavpack --enable-libwebp --enable-libx264 --enable-libx265 --enable-libxml2 --enable-libzimg --enable-lzma --enable-zlib --enable-gmp --enable-libvidstab --enable-libvmaf --enable-libvorbis --enable-libvo-amrwbenc --enable-libmysofa --enable-libspeex --enable-libxvid --enable-libaom --enable-libgsm --enable-librav1e --disable-w32threads --enable-libmfx --enable-ffnvcodec --enable-cuda-llvm --enable-cuvid --enable-d3d11va --enable-nvenc --enable-nvdec --enable-dxva2 --enable-avisynth --enable-libopenmpt --enable-amf
  libavcodec     58. 99.100 / 58. 99.100
  libavformat    58. 49.100 / 58. 49.100
  libavdevice    58. 11.101 / 58. 11.101
  libavfilter     7. 87.100 /  7. 87.100
  libswscale      5.  8.100 /  5.  8.100
  libswresample   3.  8.100 /  3.  8.100
  libpostproc    55.  8.100 / 55.  8.100
  libavutil      56. 58.100 / 56. 58.100
Input #0, mov,mp4,m4a,3gp,3g2,mj2, from 'output.mp4':
  Metadata:
    minor_version   : 512
    major_brand     : isom
    compatible_brands: isomiso2mp41
  Duration: 00:01:47.01, start: 0.000000, bitrate: 43773 kb/s
    encoder         : Lavf58.49.100
    Stream #0:0(und): Video: hevc (Main 10) (hev1 / 0x31766568), yuv420p10le(tv, bt709, progressive), 1920x1080 [SAR 1:1 DAR 16:9], 43770 kb/s, 29.97 fps, 29.97 tbr, 30k tbn, 29.97 tbc (default)
    Metadata:
      handler_name    : VideoHandler
Input #1, avi, from '200807.avi':
  Metadata:
    encoder         : Lavf58.49.100
  Duration: 00:01:47.01, start: 0.000000, bitrate: 745754 kb/s
    Stream #1:0: Video: rawvideo (I420 / 0x30323449), yuv420p, 1920x1080, 745982 kb/s, SAR 1:1 DAR 16:9, 29.97 fps, 29.97 tbr, 29.97 tbn, 29.97 tbc
Stream mapping:
  Stream #1:0 (rawvideo) -> libvmaf:reference
  Stream #0:0 (hevc) -> libvmaf:main
  libvmaf -> Stream #0:0 (wrapped_avframe)
Press [q] to stop, [?] for help
Output #0, null, to 'pipe:':
    compatible_brands: isomiso2mp41
    major_brand     : isom
    minor_version   : 512
  Metadata:
    Stream #0:0: Video: wrapped_avframe, yuv420p10le, 1920x1080 [SAR 1:1 DAR 16:9], q=2-31, 200 kb/s, 29.97 fps, 29.97 tbn, 29.97 tbc (default)
    encoder         : Lavf58.49.100
    Metadata:
      encoder         : Lavc58.99.100 wrapped_avframe
frame= 3207 fps= 28 q=-0.0 Lsize=N/A time=00:01:47.00 bitrate=N/A speed=0.92x    
video:1679kB audio:0kB subtitle:0kB other streams:0kB global headers:0kB muxing overhead: unknown
[libvmaf @ 000001e7ea4b82c0] VMAF score: 99.972716
DEBUG ExitCode: 0
558.38MB
DEBUG Invoke-Process
File: ffmpeg
Arg: -y -nostats -analyzeduration 30M -probesize 100M -fflags +discardcorrupt -i 200807.avi -an -c:v hevc_nvenc -preset:v p7 -profile:v main10 -rc:v constqp -rc-lookahead 0 -spatial-aq 0 -temporal-aq 0 -weighted_pred 0 -init_qpI 12 -init_qpP 12 -init_qpB 12 -b_ref_mode 1 -dpb_size 4 -multipass 2 -g 60 -bf 3 -pix_fmt yuv420p10le -color_range tv -color_primaries bt709 -color_trc bt709 -colorspace bt709 -movflags +faststart output.mp4
ArgList:

ffmpeg version git-2020-08-06-2c35797 Copyright (c) 2000-2020 the FFmpeg developers
  built with gcc 10.2.1 (GCC) 20200805
  configuration: --disable-static --enable-shared --enable-gpl --enable-version3 --enable-sdl2 --enable-fontconfig --enable-gnutls --enable-iconv --enable-libass --enable-libdav1d --enable-libbluray --enable-libfreetype --enable-libmp3lame --enable-libopencore-amrnb --enable-libopencore-amrwb --enable-libopenjpeg --enable-libopus --enable-libshine --enable-libsnappy --enable-libsoxr --enable-libsrt --enable-libtheora --enable-libtwolame --enable-libvpx --enable-libwavpack --enable-libwebp --enable-libx264 --enable-libx265 --enable-libxml2 --enable-libzimg --enable-lzma --enable-zlib --enable-gmp --enable-libvidstab --enable-libvmaf --enable-libvorbis --enable-libvo-amrwbenc --enable-libmysofa --enable-libspeex --enable-libxvid --enable-libaom --enable-libgsm --enable-librav1e --disable-w32threads --enable-libmfx --enable-ffnvcodec --enable-cuda-llvm --enable-cuvid --enable-d3d11va --enable-nvenc --enable-nvdec --enable-dxva2 --enable-avisynth --enable-libopenmpt --enable-amf
  libavutil      56. 58.100 / 56. 58.100
  libavcodec     58. 99.100 / 58. 99.100
  libavfilter     7. 87.100 /  7. 87.100
  libswscale      5.  8.100 /  5.  8.100
  libavformat    58. 49.100 / 58. 49.100
  libswresample   3.  8.100 /  3.  8.100
  libpostproc    55.  8.100 / 55.  8.100
  libavdevice    58. 11.101 / 58. 11.101
Input #0, avi, from '200807.avi':
    encoder         : Lavf58.49.100
  Duration: 00:01:47.01, start: 0.000000, bitrate: 745754 kb/s
    Stream #0:0: Video: rawvideo (I420 / 0x30323449), yuv420p, 1920x1080, 745982 kb/s, SAR 1:1 DAR 16:9, 29.97 fps, 29.97 tbr, 29.97 tbn, 29.97 tbc
  Metadata:
Stream mapping:
  Stream #0:0 -> #0:0 (rawvideo (native) -> hevc (hevc_nvenc))
Press [q] to stop, [?] for help
Incompatible pixel format 'yuv420p10le' for codec 'hevc_nvenc', auto-selecting format 'p010le'
Output #0, mp4, to 'output.mp4':
  Metadata:
      encoder         : Lavc58.99.100 hevc_nvenc
    Metadata:
      cpb: bitrate max/min/avg: 0/0/2000000 buffer size: 4000000 vbv_delay: N/A
    encoder         : Lavf58.49.100
    Side data:
    Stream #0:0: Video: hevc (hevc_nvenc) (Main 10) (hev1 / 0x31766568), p010le(tv, bt709), 1920x1080 [SAR 1:1 DAR 16:9], q=-1--1, 2000 kb/s, 29.97 fps, 30k tbn, 29.97 tbc
[mp4 @ 0000024b078ab6c0] Starting second pass: moving the moov atom to the beginning of the file
video:526571kB audio:0kB subtitle:0kB other streams:0kB global headers:0kB muxing overhead: 0.006091%
frame= 3207 fps= 89 q=11.0 Lsize=  526603kB time=00:01:46.87 bitrate=40364.8kbits/s speed=2.96x
DEBUG ExitCode: 0
DEBUG Invoke-Process
File: ffmpeg
Arg: -y -nostats -i output.mp4 -i 200807.avi -filter_complex libvmaf=vmaf_v0.6.1.pkl -an -f null -
ArgList:

ffmpeg version git-2020-08-06-2c35797 Copyright (c) 2000-2020 the FFmpeg developers
  built with gcc 10.2.1 (GCC) 20200805
  libavutil      56. 58.100 / 56. 58.100
  libavformat    58. 49.100 / 58. 49.100
  libavdevice    58. 11.101 / 58. 11.101
  configuration: --disable-static --enable-shared --enable-gpl --enable-version3 --enable-sdl2 --enable-fontconfig --enable-gnutls --enable-iconv --enable-libass --enable-libdav1d --enable-libbluray --enable-libfreetype --enable-libmp3lame --enable-libopencore-amrnb --enable-libopencore-amrwb --enable-libopenjpeg --enable-libopus --enable-libshine --enable-libsnappy --enable-libsoxr --enable-libsrt --enable-libtheora --enable-libtwolame --enable-libvpx --enable-libwavpack --enable-libwebp --enable-libx264 --enable-libx265 --enable-libxml2 --enable-libzimg --enable-lzma --enable-zlib --enable-gmp --enable-libvidstab --enable-libvmaf --enable-libvorbis --enable-libvo-amrwbenc --enable-libmysofa --enable-libspeex --enable-libxvid --enable-libaom --enable-libgsm --enable-librav1e --disable-w32threads --enable-libmfx --enable-ffnvcodec --enable-cuda-llvm --enable-cuvid --enable-d3d11va --enable-nvenc --enable-nvdec --enable-dxva2 --enable-avisynth --enable-libopenmpt --enable-amf
  libavfilter     7. 87.100 /  7. 87.100
  libswscale      5.  8.100 /  5.  8.100
  libswresample   3.  8.100 /  3.  8.100
  libavcodec     58. 99.100 / 58. 99.100
  libpostproc    55.  8.100 / 55.  8.100
Input #0, mov,mp4,m4a,3gp,3g2,mj2, from 'output.mp4':
  Metadata:
    major_brand     : isom
    minor_version   : 512
    encoder         : Lavf58.49.100
    compatible_brands: isomiso2mp41
  Duration: 00:01:47.01, start: 0.000000, bitrate: 40314 kb/s
    Metadata:
    Stream #0:0(und): Video: hevc (Main 10) (hev1 / 0x31766568), yuv420p10le(tv, bt709, progressive), 1920x1080 [SAR 1:1 DAR 16:9], 40312 kb/s, 29.97 fps, 29.97 tbr, 30k tbn, 29.97 tbc (default)
      handler_name    : VideoHandler
Input #1, avi, from '200807.avi':
  Metadata:
    encoder         : Lavf58.49.100
  Duration: 00:01:47.01, start: 0.000000, bitrate: 745754 kb/s
    Stream #1:0: Video: rawvideo (I420 / 0x30323449), yuv420p, 1920x1080, 745982 kb/s, SAR 1:1 DAR 16:9, 29.97 fps, 29.97 tbr, 29.97 tbn, 29.97 tbc
Stream mapping:
  Stream #0:0 (hevc) -> libvmaf:main
Press [q] to stop, [?] for help
  Stream #1:0 (rawvideo) -> libvmaf:reference
  libvmaf -> Stream #0:0 (wrapped_avframe)
Output #0, null, to 'pipe:':
  Metadata:
    major_brand     : isom
    minor_version   : 512
    compatible_brands: isomiso2mp41
    encoder         : Lavf58.49.100
    Stream #0:0: Video: wrapped_avframe, yuv420p10le, 1920x1080 [SAR 1:1 DAR 16:9], q=2-31, 200 kb/s, 29.97 fps, 29.97 tbn, 29.97 tbc (default)
    Metadata:
      encoder         : Lavc58.99.100 wrapped_avframe
frame= 3207 fps= 27 q=-0.0 Lsize=N/A time=00:01:47.00 bitrate=N/A speed=0.899x    
video:1679kB audio:0kB subtitle:0kB other streams:0kB global headers:0kB muxing overhead: unknown
[libvmaf @ 000002ee37e2ee40] VMAF score: 99.969575
DEBUG ExitCode: 0
514.26MB
DEBUG Invoke-Process
File: ffmpeg
Arg: -y -nostats -analyzeduration 30M -probesize 100M -fflags +discardcorrupt -i 200807.avi -an -c:v hevc_nvenc -preset:v p7 -profile:v main10 -rc:v constqp -rc-lookahead 0 -spatial-aq 0 -temporal-aq 0 -weighted_pred 0 -init_qpI 13 -init_qpP 13 -init_qpB 13 -b_ref_mode 1 -dpb_size 4 -multipass 2 -g 60 -bf 3 -pix_fmt yuv420p10le -color_range tv -color_primaries bt709 -color_trc bt709 -colorspace bt709 -movflags +faststart output.mp4
ArgList:

ffmpeg version git-2020-08-06-2c35797 Copyright (c) 2000-2020 the FFmpeg developers
  configuration: --disable-static --enable-shared --enable-gpl --enable-version3 --enable-sdl2 --enable-fontconfig --enable-gnutls --enable-iconv --enable-libass --enable-libdav1d --enable-libbluray --enable-libfreetype --enable-libmp3lame --enable-libopencore-amrnb --enable-libopencore-amrwb --enable-libopenjpeg --enable-libopus --enable-libshine --enable-libsnappy --enable-libsoxr --enable-libsrt --enable-libtheora --enable-libtwolame --enable-libvpx --enable-libwavpack --enable-libwebp --enable-libx264 --enable-libx265 --enable-libxml2 --enable-libzimg --enable-lzma --enable-zlib --enable-gmp --enable-libvidstab --enable-libvmaf --enable-libvorbis --enable-libvo-amrwbenc --enable-libmysofa --enable-libspeex --enable-libxvid --enable-libaom --enable-libgsm --enable-librav1e --disable-w32threads --enable-libmfx --enable-ffnvcodec --enable-cuda-llvm --enable-cuvid --enable-d3d11va --enable-nvenc --enable-nvdec --enable-dxva2 --enable-avisynth --enable-libopenmpt --enable-amf
  libavcodec     58. 99.100 / 58. 99.100
  libavdevice    58. 11.101 / 58. 11.101
  libavutil      56. 58.100 / 56. 58.100
  libavfilter     7. 87.100 /  7. 87.100
  libavformat    58. 49.100 / 58. 49.100
  libswscale      5.  8.100 /  5.  8.100
  libswresample   3.  8.100 /  3.  8.100
  libpostproc    55.  8.100 / 55.  8.100
  built with gcc 10.2.1 (GCC) 20200805
Input #0, avi, from '200807.avi':
  Duration: 00:01:47.01, start: 0.000000, bitrate: 745754 kb/s
  Metadata:
    encoder         : Lavf58.49.100
    Stream #0:0: Video: rawvideo (I420 / 0x30323449), yuv420p, 1920x1080, 745982 kb/s, SAR 1:1 DAR 16:9, 29.97 fps, 29.97 tbr, 29.97 tbn, 29.97 tbc
Stream mapping:
  Stream #0:0 -> #0:0 (rawvideo (native) -> hevc (hevc_nvenc))
Press [q] to stop, [?] for help
Incompatible pixel format 'yuv420p10le' for codec 'hevc_nvenc', auto-selecting format 'p010le'
Output #0, mp4, to 'output.mp4':
    encoder         : Lavf58.49.100
  Metadata:
    Stream #0:0: Video: hevc (hevc_nvenc) (Main 10) (hev1 / 0x31766568), p010le(tv, bt709), 1920x1080 [SAR 1:1 DAR 16:9], q=-1--1, 2000 kb/s, 29.97 fps, 30k tbn, 29.97 tbc
    Metadata:
      encoder         : Lavc58.99.100 hevc_nvenc
    Side data:
      cpb: bitrate max/min/avg: 0/0/2000000 buffer size: 4000000 vbv_delay: N/A
[mp4 @ 00000241eb9bb6c0] Starting second pass: moving the moov atom to the beginning of the file
frame= 3207 fps=100 q=12.0 Lsize=  475945kB time=00:01:46.87 bitrate=36481.9kbits/s speed=3.32x    
video:475914kB audio:0kB subtitle:0kB other streams:0kB global headers:0kB muxing overhead: 0.006638%
DEBUG ExitCode: 0
DEBUG Invoke-Process
File: ffmpeg
Arg: -y -nostats -i output.mp4 -i 200807.avi -filter_complex libvmaf=vmaf_v0.6.1.pkl -an -f null -
ArgList:

ffmpeg version git-2020-08-06-2c35797 Copyright (c) 2000-2020 the FFmpeg developers
  built with gcc 10.2.1 (GCC) 20200805
  configuration: --disable-static --enable-shared --enable-gpl --enable-version3 --enable-sdl2 --enable-fontconfig --enable-gnutls --enable-iconv --enable-libass --enable-libdav1d --enable-libbluray --enable-libfreetype --enable-libmp3lame --enable-libopencore-amrnb --enable-libopencore-amrwb --enable-libopenjpeg --enable-libopus --enable-libshine --enable-libsnappy --enable-libsoxr --enable-libsrt --enable-libtheora --enable-libtwolame --enable-libvpx --enable-libwavpack --enable-libwebp --enable-libx264 --enable-libx265 --enable-libxml2 --enable-libzimg --enable-lzma --enable-zlib --enable-gmp --enable-libvidstab --enable-libvmaf --enable-libvorbis --enable-libvo-amrwbenc --enable-libmysofa --enable-libspeex --enable-libxvid --enable-libaom --enable-libgsm --enable-librav1e --disable-w32threads --enable-libmfx --enable-ffnvcodec --enable-cuda-llvm --enable-cuvid --enable-d3d11va --enable-nvenc --enable-nvdec --enable-dxva2 --enable-avisynth --enable-libopenmpt --enable-amf
  libavformat    58. 49.100 / 58. 49.100
  libavdevice    58. 11.101 / 58. 11.101
  libavcodec     58. 99.100 / 58. 99.100
  libavfilter     7. 87.100 /  7. 87.100
  libswscale      5.  8.100 /  5.  8.100
  libpostproc    55.  8.100 / 55.  8.100
  libswresample   3.  8.100 /  3.  8.100
  libavutil      56. 58.100 / 56. 58.100
Input #0, mov,mp4,m4a,3gp,3g2,mj2, from 'output.mp4':
    major_brand     : isom
  Metadata:
    minor_version   : 512
    encoder         : Lavf58.49.100
  Duration: 00:01:47.01, start: 0.000000, bitrate: 36436 kb/s
    compatible_brands: isomiso2mp41
    Stream #0:0(und): Video: hevc (Main 10) (hev1 / 0x31766568), yuv420p10le(tv, bt709, progressive), 1920x1080 [SAR 1:1 DAR 16:9], 36433 kb/s, 29.97 fps, 29.97 tbr, 30k tbn, 29.97 tbc (default)
    Metadata:
      handler_name    : VideoHandler
Input #1, avi, from '200807.avi':
  Metadata:
  Duration: 00:01:47.01, start: 0.000000, bitrate: 745754 kb/s
    Stream #1:0: Video: rawvideo (I420 / 0x30323449), yuv420p, 1920x1080, 745982 kb/s, SAR 1:1 DAR 16:9, 29.97 fps, 29.97 tbr, 29.97 tbn, 29.97 tbc
    encoder         : Lavf58.49.100
Stream mapping:
  Stream #0:0 (hevc) -> libvmaf:main
  libvmaf -> Stream #0:0 (wrapped_avframe)
Press [q] to stop, [?] for help
  Stream #1:0 (rawvideo) -> libvmaf:reference
Output #0, null, to 'pipe:':
  Metadata:
    major_brand     : isom
    minor_version   : 512
    compatible_brands: isomiso2mp41
    encoder         : Lavf58.49.100
    Stream #0:0: Video: wrapped_avframe, yuv420p10le, 1920x1080 [SAR 1:1 DAR 16:9], q=2-31, 200 kb/s, 29.97 fps, 29.97 tbn, 29.97 tbc (default)
    Metadata:
      encoder         : Lavc58.99.100 wrapped_avframe
frame= 3207 fps= 28 q=-0.0 Lsize=N/A time=00:01:47.00 bitrate=N/A speed=0.927x    
video:1679kB audio:0kB subtitle:0kB other streams:0kB global headers:0kB muxing overhead: unknown
[libvmaf @ 000001c86d7c7dc0] VMAF score: 99.965114
DEBUG ExitCode: 0
464.79MB
DEBUG Invoke-Process
File: ffmpeg
Arg: -y -nostats -analyzeduration 30M -probesize 100M -fflags +discardcorrupt -i 200807.avi -an -c:v hevc_nvenc -preset:v p7 -profile:v main10 -rc:v constqp -rc-lookahead 0 -spatial-aq 0 -temporal-aq 0 -weighted_pred 0 -init_qpI 14 -init_qpP 14 -init_qpB 14 -b_ref_mode 1 -dpb_size 4 -multipass 2 -g 60 -bf 3 -pix_fmt yuv420p10le -color_range tv -color_primaries bt709 -color_trc bt709 -colorspace bt709 -movflags +faststart output.mp4
ArgList:

ffmpeg version git-2020-08-06-2c35797 Copyright (c) 2000-2020 the FFmpeg developers
  built with gcc 10.2.1 (GCC) 20200805
  configuration: --disable-static --enable-shared --enable-gpl --enable-version3 --enable-sdl2 --enable-fontconfig --enable-gnutls --enable-iconv --enable-libass --enable-libdav1d --enable-libbluray --enable-libfreetype --enable-libmp3lame --enable-libopencore-amrnb --enable-libopencore-amrwb --enable-libopenjpeg --enable-libopus --enable-libshine --enable-libsnappy --enable-libsoxr --enable-libsrt --enable-libtheora --enable-libtwolame --enable-libvpx --enable-libwavpack --enable-libwebp --enable-libx264 --enable-libx265 --enable-libxml2 --enable-libzimg --enable-lzma --enable-zlib --enable-gmp --enable-libvidstab --enable-libvmaf --enable-libvorbis --enable-libvo-amrwbenc --enable-libmysofa --enable-libspeex --enable-libxvid --enable-libaom --enable-libgsm --enable-librav1e --disable-w32threads --enable-libmfx --enable-ffnvcodec --enable-cuda-llvm --enable-cuvid --enable-d3d11va --enable-nvenc --enable-nvdec --enable-dxva2 --enable-avisynth --enable-libopenmpt --enable-amf
  libavcodec     58. 99.100 / 58. 99.100
  libavdevice    58. 11.101 / 58. 11.101
  libavfilter     7. 87.100 /  7. 87.100
  libavformat    58. 49.100 / 58. 49.100
  libavutil      56. 58.100 / 56. 58.100
  libswscale      5.  8.100 /  5.  8.100
  libswresample   3.  8.100 /  3.  8.100
  libpostproc    55.  8.100 / 55.  8.100
Input #0, avi, from '200807.avi':
  Metadata:
    encoder         : Lavf58.49.100
  Duration: 00:01:47.01, start: 0.000000, bitrate: 745754 kb/s
    Stream #0:0: Video: rawvideo (I420 / 0x30323449), yuv420p, 1920x1080, 745982 kb/s, SAR 1:1 DAR 16:9, 29.97 fps, 29.97 tbr, 29.97 tbn, 29.97 tbc
Stream mapping:
  Stream #0:0 -> #0:0 (rawvideo (native) -> hevc (hevc_nvenc))
Press [q] to stop, [?] for help
Incompatible pixel format 'yuv420p10le' for codec 'hevc_nvenc', auto-selecting format 'p010le'
Output #0, mp4, to 'output.mp4':
    encoder         : Lavf58.49.100
  Metadata:
    Stream #0:0: Video: hevc (hevc_nvenc) (Main 10) (hev1 / 0x31766568), p010le(tv, bt709), 1920x1080 [SAR 1:1 DAR 16:9], q=-1--1, 2000 kb/s, 29.97 fps, 30k tbn, 29.97 tbc
    Metadata:
      encoder         : Lavc58.99.100 hevc_nvenc
    Side data:
      cpb: bitrate max/min/avg: 0/0/2000000 buffer size: 4000000 vbv_delay: N/A
[mp4 @ 000001c14c09b6c0] Starting second pass: moving the moov atom to the beginning of the file
frame= 3207 fps= 90 q=13.0 Lsize=  408600kB time=00:01:46.87 bitrate=31319.8kbits/s speed=3.02x    
video:408569kB audio:0kB subtitle:0kB other streams:0kB global headers:0kB muxing overhead: 0.007668%
DEBUG ExitCode: 0
DEBUG Invoke-Process
File: ffmpeg
Arg: -y -nostats -i output.mp4 -i 200807.avi -filter_complex libvmaf=vmaf_v0.6.1.pkl -an -f null -
ArgList:

built with gcc 10.2.1 (GCC) 20200805
ffmpeg version git-2020-08-06-2c35797 Copyright (c) 2000-2020 the FFmpeg developers
  configuration: --disable-static --enable-shared --enable-gpl --enable-version3 --enable-sdl2 --enable-fontconfig --enable-gnutls --enable-iconv --enable-libass --enable-libdav1d --enable-libbluray --enable-libfreetype --enable-libmp3lame --enable-libopencore-amrnb --enable-libopencore-amrwb --enable-libopenjpeg --enable-libopus --enable-libshine --enable-libsnappy --enable-libsoxr --enable-libsrt --enable-libtheora --enable-libtwolame --enable-libvpx --enable-libwavpack --enable-libwebp --enable-libx264 --enable-libx265 --enable-libxml2 --enable-libzimg --enable-lzma --enable-zlib --enable-gmp --enable-libvidstab --enable-libvmaf --enable-libvorbis --enable-libvo-amrwbenc --enable-libmysofa --enable-libspeex --enable-libxvid --enable-libaom --enable-libgsm --enable-librav1e --disable-w32threads --enable-libmfx --enable-ffnvcodec --enable-cuda-llvm --enable-cuvid --enable-d3d11va --enable-nvenc --enable-nvdec --enable-dxva2 --enable-avisynth --enable-libopenmpt --enable-amf
  libavutil      56. 58.100 / 56. 58.100
  libavcodec     58. 99.100 / 58. 99.100
  libavdevice    58. 11.101 / 58. 11.101
  libavfilter     7. 87.100 /  7. 87.100
  libswscale      5.  8.100 /  5.  8.100
  libswresample   3.  8.100 /  3.  8.100
  libpostproc    55.  8.100 / 55.  8.100
  libavformat    58. 49.100 / 58. 49.100
Input #0, mov,mp4,m4a,3gp,3g2,mj2, from 'output.mp4':
  Metadata:
    major_brand     : isom
    compatible_brands: isomiso2mp41
    minor_version   : 512
    encoder         : Lavf58.49.100
  Duration: 00:01:47.01, start: 0.000000, bitrate: 31280 kb/s
    Stream #0:0(und): Video: hevc (Main 10) (hev1 / 0x31766568), yuv420p10le(tv, bt709, progressive), 1920x1080 [SAR 1:1 DAR 16:9], 31278 kb/s, 29.97 fps, 29.97 tbr, 30k tbn, 29.97 tbc (default)
    Metadata:
      handler_name    : VideoHandler
Input #1, avi, from '200807.avi':
  Metadata:
  Duration: 00:01:47.01, start: 0.000000, bitrate: 745754 kb/s
    encoder         : Lavf58.49.100
    Stream #1:0: Video: rawvideo (I420 / 0x30323449), yuv420p, 1920x1080, 745982 kb/s, SAR 1:1 DAR 16:9, 29.97 fps, 29.97 tbr, 29.97 tbn, 29.97 tbc
Stream mapping:
  Stream #0:0 (hevc) -> libvmaf:main
  Stream #1:0 (rawvideo) -> libvmaf:reference
  libvmaf -> Stream #0:0 (wrapped_avframe)
Press [q] to stop, [?] for help
Output #0, null, to 'pipe:':
  Metadata:
    major_brand     : isom
    minor_version   : 512
    compatible_brands: isomiso2mp41
    encoder         : Lavf58.49.100
    Stream #0:0: Video: wrapped_avframe, yuv420p10le, 1920x1080 [SAR 1:1 DAR 16:9], q=2-31, 200 kb/s, 29.97 fps, 29.97 tbn, 29.97 tbc (default)
    Metadata:
      encoder         : Lavc58.99.100 wrapped_avframe
frame= 3207 fps= 28 q=-0.0 Lsize=N/A time=00:01:47.00 bitrate=N/A speed=0.933x    
video:1679kB audio:0kB subtitle:0kB other streams:0kB global headers:0kB muxing overhead: unknown
[libvmaf @ 000001f60f3e6c80] VMAF score: 99.956479
DEBUG ExitCode: 0
399.02MB
DEBUG Invoke-Process
File: ffmpeg
Arg: -y -nostats -analyzeduration 30M -probesize 100M -fflags +discardcorrupt -i 200807.avi -an -c:v hevc_nvenc -preset:v p7 -profile:v main10 -rc:v constqp -rc-lookahead 0 -spatial-aq 0 -temporal-aq 0 -weighted_pred 0 -init_qpI 15 -init_qpP 15 -init_qpB 15 -b_ref_mode 1 -dpb_size 4 -multipass 2 -g 60 -bf 3 -pix_fmt yuv420p10le -color_range tv -color_primaries bt709 -color_trc bt709 -colorspace bt709 -movflags +faststart output.mp4
ArgList:

ffmpeg version git-2020-08-06-2c35797 Copyright (c) 2000-2020 the FFmpeg developers
  built with gcc 10.2.1 (GCC) 20200805
  configuration: --disable-static --enable-shared --enable-gpl --enable-version3 --enable-sdl2 --enable-fontconfig --enable-gnutls --enable-iconv --enable-libass --enable-libdav1d --enable-libbluray --enable-libfreetype --enable-libmp3lame --enable-libopencore-amrnb --enable-libopencore-amrwb --enable-libopenjpeg --enable-libopus --enable-libshine --enable-libsnappy --enable-libsoxr --enable-libsrt --enable-libtheora --enable-libtwolame --enable-libvpx --enable-libwavpack --enable-libwebp --enable-libx264 --enable-libx265 --enable-libxml2 --enable-libzimg --enable-lzma --enable-zlib --enable-gmp --enable-libvidstab --enable-libvmaf --enable-libvorbis --enable-libvo-amrwbenc --enable-libmysofa --enable-libspeex --enable-libxvid --enable-libaom --enable-libgsm --enable-librav1e --disable-w32threads --enable-libmfx --enable-ffnvcodec --enable-cuda-llvm --enable-cuvid --enable-d3d11va --enable-nvenc --enable-nvdec --enable-dxva2 --enable-avisynth --enable-libopenmpt --enable-amf
  libavutil      56. 58.100 / 56. 58.100
  libavformat    58. 49.100 / 58. 49.100
  libavfilter     7. 87.100 /  7. 87.100
  libswscale      5.  8.100 /  5.  8.100
  libswresample   3.  8.100 /  3.  8.100
  libpostproc    55.  8.100 / 55.  8.100
  libavcodec     58. 99.100 / 58. 99.100
  libavdevice    58. 11.101 / 58. 11.101
Input #0, avi, from '200807.avi':
    encoder         : Lavf58.49.100
  Duration: 00:01:47.01, start: 0.000000, bitrate: 745754 kb/s
  Metadata:
    Stream #0:0: Video: rawvideo (I420 / 0x30323449), yuv420p, 1920x1080, 745982 kb/s, SAR 1:1 DAR 16:9, 29.97 fps, 29.97 tbr, 29.97 tbn, 29.97 tbc
Stream mapping:
  Stream #0:0 -> #0:0 (rawvideo (native) -> hevc (hevc_nvenc))
Press [q] to stop, [?] for help
Incompatible pixel format 'yuv420p10le' for codec 'hevc_nvenc', auto-selecting format 'p010le'
Output #0, mp4, to 'output.mp4':
  Metadata:
    Stream #0:0: Video: hevc (hevc_nvenc) (Main 10) (hev1 / 0x31766568), p010le(tv, bt709), 1920x1080 [SAR 1:1 DAR 16:9], q=-1--1, 2000 kb/s, 29.97 fps, 30k tbn, 29.97 tbc
    encoder         : Lavf58.49.100
      encoder         : Lavc58.99.100 hevc_nvenc
    Side data:
    Metadata:
      cpb: bitrate max/min/avg: 0/0/2000000 buffer size: 4000000 vbv_delay: N/A
[mp4 @ 000001eccad4b6c0] Starting second pass: moving the moov atom to the beginning of the file
frame= 3207 fps= 91 q=14.0 Lsize=  372215kB time=00:01:46.87 bitrate=28530.8kbits/s speed=3.03x    
video:372184kB audio:0kB subtitle:0kB other streams:0kB global headers:0kB muxing overhead: 0.008363%
DEBUG ExitCode: 0
DEBUG Invoke-Process
File: ffmpeg
Arg: -y -nostats -i output.mp4 -i 200807.avi -filter_complex libvmaf=vmaf_v0.6.1.pkl -an -f null -
ArgList:

ffmpeg version git-2020-08-06-2c35797 Copyright (c) 2000-2020 the FFmpeg developers
  built with gcc 10.2.1 (GCC) 20200805
  configuration: --disable-static --enable-shared --enable-gpl --enable-version3 --enable-sdl2 --enable-fontconfig --enable-gnutls --enable-iconv --enable-libass --enable-libdav1d --enable-libbluray --enable-libfreetype --enable-libmp3lame --enable-libopencore-amrnb --enable-libopencore-amrwb --enable-libopenjpeg --enable-libopus --enable-libshine --enable-libsnappy --enable-libsoxr --enable-libsrt --enable-libtheora --enable-libtwolame --enable-libvpx --enable-libwavpack --enable-libwebp --enable-libx264 --enable-libx265 --enable-libxml2 --enable-libzimg --enable-lzma --enable-zlib --enable-gmp --enable-libvidstab --enable-libvmaf --enable-libvorbis --enable-libvo-amrwbenc --enable-libmysofa --enable-libspeex --enable-libxvid --enable-libaom --enable-libgsm --enable-librav1e --disable-w32threads --enable-libmfx --enable-ffnvcodec --enable-cuda-llvm --enable-cuvid --enable-d3d11va --enable-nvenc --enable-nvdec --enable-dxva2 --enable-avisynth --enable-libopenmpt --enable-amf
  libavutil      56. 58.100 / 56. 58.100
  libavformat    58. 49.100 / 58. 49.100
  libavcodec     58. 99.100 / 58. 99.100
  libavdevice    58. 11.101 / 58. 11.101
  libavfilter     7. 87.100 /  7. 87.100
  libswscale      5.  8.100 /  5.  8.100
  libswresample   3.  8.100 /  3.  8.100
  libpostproc    55.  8.100 / 55.  8.100
Input #0, mov,mp4,m4a,3gp,3g2,mj2, from 'output.mp4':
  Metadata:
    minor_version   : 512
    major_brand     : isom
    encoder         : Lavf58.49.100
    compatible_brands: isomiso2mp41
  Duration: 00:01:47.01, start: 0.000000, bitrate: 28495 kb/s
    Metadata:
    Stream #0:0(und): Video: hevc (Main 10) (hev1 / 0x31766568), yuv420p10le(tv, bt709, progressive), 1920x1080 [SAR 1:1 DAR 16:9], 28492 kb/s, 29.97 fps, 29.97 tbr, 30k tbn, 29.97 tbc (default)
      handler_name    : VideoHandler
Input #1, avi, from '200807.avi':
    encoder         : Lavf58.49.100
  Duration: 00:01:47.01, start: 0.000000, bitrate: 745754 kb/s
    Stream #1:0: Video: rawvideo (I420 / 0x30323449), yuv420p, 1920x1080, 745982 kb/s, SAR 1:1 DAR 16:9, 29.97 fps, 29.97 tbr, 29.97 tbn, 29.97 tbc
  Metadata:
Stream mapping:
  Stream #0:0 (hevc) -> libvmaf:main
  libvmaf -> Stream #0:0 (wrapped_avframe)
  Stream #1:0 (rawvideo) -> libvmaf:reference
Press [q] to stop, [?] for help
Output #0, null, to 'pipe:':
  Metadata:
    major_brand     : isom
    minor_version   : 512
    compatible_brands: isomiso2mp41
    encoder         : Lavf58.49.100
    Stream #0:0: Video: wrapped_avframe, yuv420p10le, 1920x1080 [SAR 1:1 DAR 16:9], q=2-31, 200 kb/s, 29.97 fps, 29.97 tbn, 29.97 tbc (default)
    Metadata:
      encoder         : Lavc58.99.100 wrapped_avframe
frame= 3207 fps= 28 q=-0.0 Lsize=N/A time=00:01:47.00 bitrate=N/A speed=0.934x    
video:1679kB audio:0kB subtitle:0kB other streams:0kB global headers:0kB muxing overhead: unknown
[libvmaf @ 0000022cf9061a00] VMAF score: 99.949857
DEBUG ExitCode: 0
363.49MB
DEBUG Invoke-Process
File: ffmpeg
Arg: -y -nostats -analyzeduration 30M -probesize 100M -fflags +discardcorrupt -i 200807.avi -an -c:v hevc_nvenc -preset:v p7 -profile:v main10 -rc:v constqp -rc-lookahead 0 -spatial-aq 0 -temporal-aq 0 -weighted_pred 0 -init_qpI 16 -init_qpP 16 -init_qpB 16 -b_ref_mode 1 -dpb_size 4 -multipass 2 -g 60 -bf 3 -pix_fmt yuv420p10le -color_range tv -color_primaries bt709 -color_trc bt709 -colorspace bt709 -movflags +faststart output.mp4
ArgList:

ffmpeg version git-2020-08-06-2c35797 Copyright (c) 2000-2020 the FFmpeg developers
  built with gcc 10.2.1 (GCC) 20200805
