**********************
PowerShell transcript start
Start time: 20200810144410
**********************
Transcript started, output file is ./logs/hevcnvenc_vbrcq_200808.ts.log
DEBUG Invoke-Process
File: ffmpeg
Arg: -y -nostats -analyzeduration 30M -probesize 100M -fflags +discardcorrupt -i 200808.ts -an -vf fieldmatch -c:v hevc_nvenc -preset:v p7 -profile:v main10 -rc:v vbr -rc-lookahead 0 -spatial-aq 0 -temporal-aq 0 -weighted_pred 0 -cq 0 -b_ref_mode 1 -dpb_size 4 -multipass 2 -g 60 -bf 3 -pix_fmt yuv420p10le -color_range tv -color_primaries bt709 -color_trc bt709 -colorspace bt709 -movflags +faststart output.mp4
ArgList:

ffmpeg version git-2020-08-06-2c35797 Copyright (c) 2000-2020 the FFmpeg developers
  built with gcc 10.2.1 (GCC) 20200805
  configuration: --disable-static --enable-shared --enable-gpl --enable-version3 --enable-sdl2 --enable-fontconfig --enable-gnutls --enable-iconv --enable-libass --enable-libdav1d --enable-libbluray --enable-libfreetype --enable-libmp3lame --enable-libopencore-amrnb --enable-libopencore-amrwb --enable-libopenjpeg --enable-libopus --enable-libshine --enable-libsnappy --enable-libsoxr --enable-libsrt --enable-libtheora --enable-libtwolame --enable-libvpx --enable-libwavpack --enable-libwebp --enable-libx264 --enable-libx265 --enable-libxml2 --enable-libzimg --enable-lzma --enable-zlib --enable-gmp --enable-libvidstab --enable-libvmaf --enable-libvorbis --enable-libvo-amrwbenc --enable-libmysofa --enable-libspeex --enable-libxvid --enable-libaom --enable-libgsm --enable-librav1e --disable-w32threads --enable-libmfx --enable-ffnvcodec --enable-cuda-llvm --enable-cuvid --enable-d3d11va --enable-nvenc --enable-nvdec --enable-dxva2 --enable-avisynth --enable-libopenmpt --enable-amf
  libavutil      56. 58.100 / 56. 58.100
  libavcodec     58. 99.100 / 58. 99.100
  libavformat    58. 49.100 / 58. 49.100
  libavdevice    58. 11.101 / 58. 11.101
  libavfilter     7. 87.100 /  7. 87.100
  libswscale      5.  8.100 /  5.  8.100
  libswresample   3.  8.100 /  3.  8.100
  libpostproc    55.  8.100 / 55.  8.100
Input #0, mpegts, from '200808.ts':
  Program 1 
    Metadata:
      service_name    : Service01
      service_provider: FFmpeg
    Stream #0:0[0x100]: Video: mpeg2video (Main) ([2][0][0][0] / 0x0002), yuv420p(tv, bt709, top first), 1920x1080 [SAR 1:1 DAR 16:9], 29.97 fps, 29.97 tbr, 90k tbn, 59.94 tbc
    Side data:
  Duration: 00:02:01.50, start: 1.400000, bitrate: 18764 kb/s
      cpb: bitrate max/min/avg: 24000000/0/0 buffer size: 9781248 vbv_delay: N/A
    Stream #0:1[0x101]: Audio: aac (LC) ([15][0][0][0] / 0x000F), 48000 Hz, stereo, fltp, 255 kb/s
Stream mapping:
Press [q] to stop, [?] for help
  Stream #0:0 -> #0:0 (mpeg2video (native) -> hevc (hevc_nvenc))
Incompatible pixel format 'yuv420p10le' for codec 'hevc_nvenc', auto-selecting format 'p010le'
Output #0, mp4, to 'output.mp4':
  Metadata:
    Metadata:
    Side data:
    Stream #0:0: Video: hevc (hevc_nvenc) (Main 10) (hev1 / 0x31766568), p010le(tv, bt709), 1920x1080 [SAR 1:1 DAR 16:9], q=-1--1, 2000 kb/s, 29.97 fps, 30k tbn, 29.97 tbc
      cpb: bitrate max/min/avg: 0/0/2000000 buffer size: 4000000 vbv_delay: N/A
      encoder         : Lavc58.99.100 hevc_nvenc
    encoder         : Lavf58.49.100
[Parsed_fieldmatch_0 @ 0000019f0ba83800] Frame #356 at 11.8785 is still interlaced
[Parsed_fieldmatch_0 @ 0000019f0ba83800] Frame #480 at 16.016 is still interlaced
[Parsed_fieldmatch_0 @ 0000019f0ba83800] Frame #481 at 16.0494 is still interlaced
[Parsed_fieldmatch_0 @ 0000019f0ba83800] Frame #1227 at 40.9409 is still interlaced
[Parsed_fieldmatch_0 @ 0000019f0ba83800] Frame #1923 at 64.1641 is still interlaced
[Parsed_fieldmatch_0 @ 0000019f0ba83800] Frame #2497 at 83.3166 is still interlaced
[Parsed_fieldmatch_0 @ 0000019f0ba83800] Frame #2597 at 86.6532 is still interlaced
[Parsed_fieldmatch_0 @ 0000019f0ba83800] Frame #3322 at 110.844 is still interlaced
[Parsed_fieldmatch_0 @ 0000019f0ba83800] Frame #3422 at 114.181 is still interlaced
[mp4 @ 0000019f0e5bf040] Starting second pass: moving the moov atom to the beginning of the file
frame= 3628 fps= 80 q=36.0 Lsize=   31308kB time=00:02:00.92 bitrate=2121.0kbits/s dup=1 drop=0 speed=2.66x    
video:31278kB audio:0kB subtitle:0kB other streams:0kB global headers:0kB muxing overhead: 0.097307%
DEBUG ExitCode: 0
DEBUG Invoke-Process
File: ffmpeg
Arg: -y -nostats -i output.mp4 -i 200808.ts -filter_complex libvmaf=vmaf_v0.6.1.pkl -an -f null -
ArgList:

ffmpeg version git-2020-08-06-2c35797 Copyright (c) 2000-2020 the FFmpeg developers
  built with gcc 10.2.1 (GCC) 20200805
  configuration: --disable-static --enable-shared --enable-gpl --enable-version3 --enable-sdl2 --enable-fontconfig --enable-gnutls --enable-iconv --enable-libass --enable-libdav1d --enable-libbluray --enable-libfreetype --enable-libmp3lame --enable-libopencore-amrnb --enable-libopencore-amrwb --enable-libopenjpeg --enable-libopus --enable-libshine --enable-libsnappy --enable-libsoxr --enable-libsrt --enable-libtheora --enable-libtwolame --enable-libvpx --enable-libwavpack --enable-libwebp --enable-libx264 --enable-libx265 --enable-libxml2 --enable-libzimg --enable-lzma --enable-zlib --enable-gmp --enable-libvidstab --enable-libvmaf --enable-libvorbis --enable-libvo-amrwbenc --enable-libmysofa --enable-libspeex --enable-libxvid --enable-libaom --enable-libgsm --enable-librav1e --disable-w32threads --enable-libmfx --enable-ffnvcodec --enable-cuda-llvm --enable-cuvid --enable-d3d11va --enable-nvenc --enable-nvdec --enable-dxva2 --enable-avisynth --enable-libopenmpt --enable-amf
  libavutil      56. 58.100 / 56. 58.100
  libavcodec     58. 99.100 / 58. 99.100
  libavformat    58. 49.100 / 58. 49.100
  libavdevice    58. 11.101 / 58. 11.101
  libavfilter     7. 87.100 /  7. 87.100
  libswresample   3.  8.100 /  3.  8.100
  libpostproc    55.  8.100 / 55.  8.100
  libswscale      5.  8.100 /  5.  8.100
Input #0, mov,mp4,m4a,3gp,3g2,mj2, from 'output.mp4':
    major_brand     : isom
    minor_version   : 512
    compatible_brands: isomiso2mp41
  Metadata:
    encoder         : Lavf58.49.100
  Duration: 00:02:01.06, start: 0.000000, bitrate: 2118 kb/s
    Stream #0:0(und): Video: hevc (Main 10) (hev1 / 0x31766568), yuv420p10le(tv, bt709, progressive), 1920x1080 [SAR 1:1 DAR 16:9], 2116 kb/s, 29.97 fps, 29.97 tbr, 30k tbn, 29.97 tbc (default)
    Metadata:
      handler_name    : VideoHandler
Input #1, mpegts, from '200808.ts':
  Duration: 00:02:01.50, start: 1.400000, bitrate: 18764 kb/s
  Program 1 
    Metadata:
      service_name    : Service01
    Side data:
      service_provider: FFmpeg
    Stream #1:0[0x100]: Video: mpeg2video (Main) ([2][0][0][0] / 0x0002), yuv420p(tv, bt709, top first), 1920x1080 [SAR 1:1 DAR 16:9], 29.97 fps, 29.97 tbr, 90k tbn, 59.94 tbc
      cpb: bitrate max/min/avg: 24000000/0/0 buffer size: 9781248 vbv_delay: N/A
    Stream #1:1[0x101]: Audio: aac (LC) ([15][0][0][0] / 0x000F), 48000 Hz, stereo, fltp, 255 kb/s
Stream mapping:
  Stream #0:0 (hevc) -> libvmaf:main
  Stream #1:0 (mpeg2video) -> libvmaf:reference
  libvmaf -> Stream #0:0 (wrapped_avframe)
Press [q] to stop, [?] for help
Output #0, null, to 'pipe:':
  Metadata:
    compatible_brands: isomiso2mp41
    encoder         : Lavf58.49.100
    Stream #0:0: Video: wrapped_avframe, yuv420p10le, 1920x1080 [SAR 1:1 DAR 16:9], q=2-31, 200 kb/s, 29.97 fps, 29.97 tbn, 29.97 tbc (default)
    Metadata:
      encoder         : Lavc58.99.100 wrapped_avframe
    major_brand     : isom
    minor_version   : 512
frame= 3628 fps= 28 q=-0.0 Lsize=N/A time=00:02:01.05 bitrate=N/A speed=0.94x    
video:1899kB audio:0kB subtitle:0kB other streams:0kB global headers:0kB muxing overhead: unknown
[libvmaf @ 00000296f5d0e980] VMAF score: 77.843302
DEBUG ExitCode: 0
30.57MB
DEBUG Invoke-Process
File: ffmpeg
Arg: -y -nostats -analyzeduration 30M -probesize 100M -fflags +discardcorrupt -i 200808.ts -an -vf fieldmatch -c:v hevc_nvenc -preset:v p7 -profile:v main10 -rc:v vbr -rc-lookahead 0 -spatial-aq 0 -temporal-aq 0 -weighted_pred 0 -cq 5 -b_ref_mode 1 -dpb_size 4 -multipass 2 -g 60 -bf 3 -pix_fmt yuv420p10le -color_range tv -color_primaries bt709 -color_trc bt709 -colorspace bt709 -movflags +faststart output.mp4
ArgList:

ffmpeg version git-2020-08-06-2c35797 Copyright (c) 2000-2020 the FFmpeg developers
  built with gcc 10.2.1 (GCC) 20200805
  configuration: --disable-static --enable-shared --enable-gpl --enable-version3 --enable-sdl2 --enable-fontconfig --enable-gnutls --enable-iconv --enable-libass --enable-libdav1d --enable-libbluray --enable-libfreetype --enable-libmp3lame --enable-libopencore-amrnb --enable-libopencore-amrwb --enable-libopenjpeg --enable-libopus --enable-libshine --enable-libsnappy --enable-libsoxr --enable-libsrt --enable-libtheora --enable-libtwolame --enable-libvpx --enable-libwavpack --enable-libwebp --enable-libx264 --enable-libx265 --enable-libxml2 --enable-libzimg --enable-lzma --enable-zlib --enable-gmp --enable-libvidstab --enable-libvmaf --enable-libvorbis --enable-libvo-amrwbenc --enable-libmysofa --enable-libspeex --enable-libxvid --enable-libaom --enable-libgsm --enable-librav1e --disable-w32threads --enable-libmfx --enable-ffnvcodec --enable-cuda-llvm --enable-cuvid --enable-d3d11va --enable-nvenc --enable-nvdec --enable-dxva2 --enable-avisynth --enable-libopenmpt --enable-amf
  libavutil      56. 58.100 / 56. 58.100
  libavformat    58. 49.100 / 58. 49.100
  libavcodec     58. 99.100 / 58. 99.100
  libavdevice    58. 11.101 / 58. 11.101
  libavfilter     7. 87.100 /  7. 87.100
  libswresample   3.  8.100 /  3.  8.100
  libpostproc    55.  8.100 / 55.  8.100
  libswscale      5.  8.100 /  5.  8.100
Input #0, mpegts, from '200808.ts':
  Duration: 00:02:01.50, start: 1.400000, bitrate: 18764 kb/s
  Program 1 
    Metadata:
      service_name    : Service01
      service_provider: FFmpeg
    Side data:
      cpb: bitrate max/min/avg: 24000000/0/0 buffer size: 9781248 vbv_delay: N/A
    Stream #0:0[0x100]: Video: mpeg2video (Main) ([2][0][0][0] / 0x0002), yuv420p(tv, bt709, top first), 1920x1080 [SAR 1:1 DAR 16:9], 29.97 fps, 29.97 tbr, 90k tbn, 59.94 tbc
    Stream #0:1[0x101]: Audio: aac (LC) ([15][0][0][0] / 0x000F), 48000 Hz, stereo, fltp, 255 kb/s
Stream mapping:
  Stream #0:0 -> #0:0 (mpeg2video (native) -> hevc (hevc_nvenc))
Press [q] to stop, [?] for help
Incompatible pixel format 'yuv420p10le' for codec 'hevc_nvenc', auto-selecting format 'p010le'
Output #0, mp4, to 'output.mp4':
  Metadata:
    Stream #0:0: Video: hevc (hevc_nvenc) (Main 10) (hev1 / 0x31766568), p010le(tv, bt709), 1920x1080 [SAR 1:1 DAR 16:9], q=-1--1, 29.97 fps, 30k tbn, 29.97 tbc
    encoder         : Lavf58.49.100
    Metadata:
    Side data:
      cpb: bitrate max/min/avg: 0/0/0 buffer size: 4000000 vbv_delay: N/A
      encoder         : Lavc58.99.100 hevc_nvenc
[Parsed_fieldmatch_0 @ 000001d4785e3800] Frame #356 at 11.8785 is still interlaced
[Parsed_fieldmatch_0 @ 000001d4785e3800] Frame #480 at 16.016 is still interlaced
[Parsed_fieldmatch_0 @ 000001d4785e3800] Frame #481 at 16.0494 is still interlaced
[Parsed_fieldmatch_0 @ 000001d4785e3800] Frame #1227 at 40.9409 is still interlaced
[Parsed_fieldmatch_0 @ 000001d4785e3800] Frame #1923 at 64.1641 is still interlaced
[Parsed_fieldmatch_0 @ 000001d4785e3800] Frame #2497 at 83.3166 is still interlaced
[Parsed_fieldmatch_0 @ 000001d4785e3800] Frame #2597 at 86.6532 is still interlaced
[Parsed_fieldmatch_0 @ 000001d4785e3800] Frame #3322 at 110.844 is still interlaced
[Parsed_fieldmatch_0 @ 000001d4785e3800] Frame #3422 at 114.181 is still interlaced
[mp4 @ 000001d47b11f040] Starting second pass: moving the moov atom to the beginning of the file
frame= 3628 fps= 80 q=26.0 Lsize=  142201kB time=00:02:00.92 bitrate=9633.7kbits/s dup=1 drop=0 speed=2.67x    
video:142169kB audio:0kB subtitle:0kB other streams:0kB global headers:0kB muxing overhead: 0.022472%
DEBUG ExitCode: 0
DEBUG Invoke-Process
File: ffmpeg
Arg: -y -nostats -i output.mp4 -i 200808.ts -filter_complex libvmaf=vmaf_v0.6.1.pkl -an -f null -
ArgList:

ffmpeg version git-2020-08-06-2c35797 Copyright (c) 2000-2020 the FFmpeg developers
  built with gcc 10.2.1 (GCC) 20200805
  configuration: --disable-static --enable-shared --enable-gpl --enable-version3 --enable-sdl2 --enable-fontconfig --enable-gnutls --enable-iconv --enable-libass --enable-libdav1d --enable-libbluray --enable-libfreetype --enable-libmp3lame --enable-libopencore-amrnb --enable-libopencore-amrwb --enable-libopenjpeg --enable-libopus --enable-libshine --enable-libsnappy --enable-libsoxr --enable-libsrt --enable-libtheora --enable-libtwolame --enable-libvpx --enable-libwavpack --enable-libwebp --enable-libx264 --enable-libx265 --enable-libxml2 --enable-libzimg --enable-lzma --enable-zlib --enable-gmp --enable-libvidstab --enable-libvmaf --enable-libvorbis --enable-libvo-amrwbenc --enable-libmysofa --enable-libspeex --enable-libxvid --enable-libaom --enable-libgsm --enable-librav1e --disable-w32threads --enable-libmfx --enable-ffnvcodec --enable-cuda-llvm --enable-cuvid --enable-d3d11va --enable-nvenc --enable-nvdec --enable-dxva2 --enable-avisynth --enable-libopenmpt --enable-amf
  libavcodec     58. 99.100 / 58. 99.100
  libavformat    58. 49.100 / 58. 49.100
  libavdevice    58. 11.101 / 58. 11.101
  libavfilter     7. 87.100 /  7. 87.100
  libswscale      5.  8.100 /  5.  8.100
  libswresample   3.  8.100 /  3.  8.100
  libpostproc    55.  8.100 / 55.  8.100
  libavutil      56. 58.100 / 56. 58.100
Input #0, mov,mp4,m4a,3gp,3g2,mj2, from 'output.mp4':
  Metadata:
    major_brand     : isom
    minor_version   : 512
    compatible_brands: isomiso2mp41
    encoder         : Lavf58.49.100
  Duration: 00:02:01.06, start: 0.000000, bitrate: 9623 kb/s
    Stream #0:0(und): Video: hevc (Main 10) (hev1 / 0x31766568), yuv420p10le(tv, bt709, progressive), 1920x1080 [SAR 1:1 DAR 16:9], 9620 kb/s, 29.97 fps, 29.97 tbr, 30k tbn, 29.97 tbc (default)
    Metadata:
      handler_name    : VideoHandler
Input #1, mpegts, from '200808.ts':
  Duration: 00:02:01.50, start: 1.400000, bitrate: 18764 kb/s
    Metadata:
  Program 1 
      service_name    : Service01
      service_provider: FFmpeg
    Stream #1:0[0x100]: Video: mpeg2video (Main) ([2][0][0][0] / 0x0002), yuv420p(tv, bt709, top first), 1920x1080 [SAR 1:1 DAR 16:9], 29.97 fps, 29.97 tbr, 90k tbn, 59.94 tbc
    Side data:
      cpb: bitrate max/min/avg: 24000000/0/0 buffer size: 9781248 vbv_delay: N/A
    Stream #1:1[0x101]: Audio: aac (LC) ([15][0][0][0] / 0x000F), 48000 Hz, stereo, fltp, 255 kb/s
Stream mapping:
  Stream #0:0 (hevc) -> libvmaf:main
  Stream #1:0 (mpeg2video) -> libvmaf:reference
Press [q] to stop, [?] for help
  libvmaf -> Stream #0:0 (wrapped_avframe)
Output #0, null, to 'pipe:':
  Metadata:
    major_brand     : isom
    minor_version   : 512
    encoder         : Lavf58.49.100
    compatible_brands: isomiso2mp41
    Stream #0:0: Video: wrapped_avframe, yuv420p10le, 1920x1080 [SAR 1:1 DAR 16:9], q=2-31, 200 kb/s, 29.97 fps, 29.97 tbn, 29.97 tbc (default)
    Metadata:
      encoder         : Lavc58.99.100 wrapped_avframe
frame= 3628 fps= 28 q=-0.0 Lsize=N/A time=00:02:01.05 bitrate=N/A speed=0.933x    
video:1899kB audio:0kB subtitle:0kB other streams:0kB global headers:0kB muxing overhead: unknown
[libvmaf @ 000001e1e8538540] VMAF score: 87.281612
DEBUG ExitCode: 0
138.87MB
DEBUG Invoke-Process
File: ffmpeg
Arg: -y -nostats -analyzeduration 30M -probesize 100M -fflags +discardcorrupt -i 200808.ts -an -vf fieldmatch -c:v hevc_nvenc -preset:v p7 -profile:v main10 -rc:v vbr -rc-lookahead 0 -spatial-aq 0 -temporal-aq 0 -weighted_pred 0 -cq 10 -b_ref_mode 1 -dpb_size 4 -multipass 2 -g 60 -bf 3 -pix_fmt yuv420p10le -color_range tv -color_primaries bt709 -color_trc bt709 -colorspace bt709 -movflags +faststart output.mp4
ArgList:

ffmpeg version git-2020-08-06-2c35797 Copyright (c) 2000-2020 the FFmpeg developers
  built with gcc 10.2.1 (GCC) 20200805
  configuration: --disable-static --enable-shared --enable-gpl --enable-version3 --enable-sdl2 --enable-fontconfig --enable-gnutls --enable-iconv --enable-libass --enable-libdav1d --enable-libbluray --enable-libfreetype --enable-libmp3lame --enable-libopencore-amrnb --enable-libopencore-amrwb --enable-libopenjpeg --enable-libopus --enable-libshine --enable-libsnappy --enable-libsoxr --enable-libsrt --enable-libtheora --enable-libtwolame --enable-libvpx --enable-libwavpack --enable-libwebp --enable-libx264 --enable-libx265 --enable-libxml2 --enable-libzimg --enable-lzma --enable-zlib --enable-gmp --enable-libvidstab --enable-libvmaf --enable-libvorbis --enable-libvo-amrwbenc --enable-libmysofa --enable-libspeex --enable-libxvid --enable-libaom --enable-libgsm --enable-librav1e --disable-w32threads --enable-libmfx --enable-ffnvcodec --enable-cuda-llvm --enable-cuvid --enable-d3d11va --enable-nvenc --enable-nvdec --enable-dxva2 --enable-avisynth --enable-libopenmpt --enable-amf
  libavutil      56. 58.100 / 56. 58.100
  libavcodec     58. 99.100 / 58. 99.100
  libavformat    58. 49.100 / 58. 49.100
  libavdevice    58. 11.101 / 58. 11.101
  libswscale      5.  8.100 /  5.  8.100
  libswresample   3.  8.100 /  3.  8.100
  libpostproc    55.  8.100 / 55.  8.100
  libavfilter     7. 87.100 /  7. 87.100
Input #0, mpegts, from '200808.ts':
  Program 1 
      service_name    : Service01
  Duration: 00:02:01.50, start: 1.400000, bitrate: 18764 kb/s
      service_provider: FFmpeg
    Metadata:
    Stream #0:0[0x100]: Video: mpeg2video (Main) ([2][0][0][0] / 0x0002), yuv420p(tv, bt709, top first), 1920x1080 [SAR 1:1 DAR 16:9], 29.97 fps, 29.97 tbr, 90k tbn, 59.94 tbc
    Side data:
      cpb: bitrate max/min/avg: 24000000/0/0 buffer size: 9781248 vbv_delay: N/A
    Stream #0:1[0x101]: Audio: aac (LC) ([15][0][0][0] / 0x000F), 48000 Hz, stereo, fltp, 255 kb/s
Stream mapping:
  Stream #0:0 -> #0:0 (mpeg2video (native) -> hevc (hevc_nvenc))
Press [q] to stop, [?] for help
Incompatible pixel format 'yuv420p10le' for codec 'hevc_nvenc', auto-selecting format 'p010le'
Output #0, mp4, to 'output.mp4':
  Metadata:
    Metadata:
    Side data:
    encoder         : Lavf58.49.100
      encoder         : Lavc58.99.100 hevc_nvenc
      cpb: bitrate max/min/avg: 0/0/0 buffer size: 4000000 vbv_delay: N/A
    Stream #0:0: Video: hevc (hevc_nvenc) (Main 10) (hev1 / 0x31766568), p010le(tv, bt709), 1920x1080 [SAR 1:1 DAR 16:9], q=-1--1, 29.97 fps, 30k tbn, 29.97 tbc
[Parsed_fieldmatch_0 @ 000002a0b1f73800] Frame #356 at 11.8785 is still interlaced
[Parsed_fieldmatch_0 @ 000002a0b1f73800] Frame #480 at 16.016 is still interlaced
[Parsed_fieldmatch_0 @ 000002a0b1f73800] Frame #481 at 16.0494 is still interlaced
[Parsed_fieldmatch_0 @ 000002a0b1f73800] Frame #1227 at 40.9409 is still interlaced
[Parsed_fieldmatch_0 @ 000002a0b1f73800] Frame #1923 at 64.1641 is still interlaced
[Parsed_fieldmatch_0 @ 000002a0b1f73800] Frame #2497 at 83.3166 is still interlaced
[Parsed_fieldmatch_0 @ 000002a0b1f73800] Frame #2597 at 86.6532 is still interlaced
[Parsed_fieldmatch_0 @ 000002a0b1f73800] Frame #3322 at 110.844 is still interlaced
[Parsed_fieldmatch_0 @ 000002a0b1f73800] Frame #3422 at 114.181 is still interlaced
[mp4 @ 000002a0b4aaf040] Starting second pass: moving the moov atom to the beginning of the file
frame= 3628 fps= 80 q=26.0 Lsize=  142196kB time=00:02:00.92 bitrate=9633.3kbits/s dup=1 drop=0 speed=2.67x    
video:142164kB audio:0kB subtitle:0kB other streams:0kB global headers:0kB muxing overhead: 0.022539%
DEBUG ExitCode: 0
DEBUG Invoke-Process
File: ffmpeg
Arg: -y -nostats -i output.mp4 -i 200808.ts -filter_complex libvmaf=vmaf_v0.6.1.pkl -an -f null -
ArgList:

ffmpeg version git-2020-08-06-2c35797 Copyright (c) 2000-2020 the FFmpeg developers
  built with gcc 10.2.1 (GCC) 20200805
  configuration: --disable-static --enable-shared --enable-gpl --enable-version3 --enable-sdl2 --enable-fontconfig --enable-gnutls --enable-iconv --enable-libass --enable-libdav1d --enable-libbluray --enable-libfreetype --enable-libmp3lame --enable-libopencore-amrnb --enable-libopencore-amrwb --enable-libopenjpeg --enable-libopus --enable-libshine --enable-libsnappy --enable-libsoxr --enable-libsrt --enable-libtheora --enable-libtwolame --enable-libvpx --enable-libwavpack --enable-libwebp --enable-libx264 --enable-libx265 --enable-libxml2 --enable-libzimg --enable-lzma --enable-zlib --enable-gmp --enable-libvidstab --enable-libvmaf --enable-libvorbis --enable-libvo-amrwbenc --enable-libmysofa --enable-libspeex --enable-libxvid --enable-libaom --enable-libgsm --enable-librav1e --disable-w32threads --enable-libmfx --enable-ffnvcodec --enable-cuda-llvm --enable-cuvid --enable-d3d11va --enable-nvenc --enable-nvdec --enable-dxva2 --enable-avisynth --enable-libopenmpt --enable-amf
  libavutil      56. 58.100 / 56. 58.100
  libavcodec     58. 99.100 / 58. 99.100
  libavdevice    58. 11.101 / 58. 11.101
  libavfilter     7. 87.100 /  7. 87.100
  libswscale      5.  8.100 /  5.  8.100
  libswresample   3.  8.100 /  3.  8.100
  libavformat    58. 49.100 / 58. 49.100
  libpostproc    55.  8.100 / 55.  8.100
Input #0, mov,mp4,m4a,3gp,3g2,mj2, from 'output.mp4':
  Metadata:
    major_brand     : isom
    minor_version   : 512
    compatible_brands: isomiso2mp41
    encoder         : Lavf58.49.100
  Duration: 00:02:01.06, start: 0.000000, bitrate: 9622 kb/s
    Stream #0:0(und): Video: hevc (Main 10) (hev1 / 0x31766568), yuv420p10le(tv, bt709, progressive), 1920x1080 [SAR 1:1 DAR 16:9], 9620 kb/s, 29.97 fps, 29.97 tbr, 30k tbn, 29.97 tbc (default)
      handler_name    : VideoHandler
    Metadata:
Input #1, mpegts, from '200808.ts':
  Program 1 
  Duration: 00:02:01.50, start: 1.400000, bitrate: 18764 kb/s
    Metadata:
      service_name    : Service01
      service_provider: FFmpeg
    Stream #1:0[0x100]: Video: mpeg2video (Main) ([2][0][0][0] / 0x0002), yuv420p(tv, bt709, top first), 1920x1080 [SAR 1:1 DAR 16:9], 29.97 fps, 29.97 tbr, 90k tbn, 59.94 tbc
    Side data:
      cpb: bitrate max/min/avg: 24000000/0/0 buffer size: 9781248 vbv_delay: N/A
    Stream #1:1[0x101]: Audio: aac (LC) ([15][0][0][0] / 0x000F), 48000 Hz, stereo, fltp, 255 kb/s
Stream mapping:
  Stream #0:0 (hevc) -> libvmaf:main
  Stream #1:0 (mpeg2video) -> libvmaf:reference
  libvmaf -> Stream #0:0 (wrapped_avframe)
Press [q] to stop, [?] for help
Output #0, null, to 'pipe:':
  Metadata:
    major_brand     : isom
    minor_version   : 512
    compatible_brands: isomiso2mp41
    Stream #0:0: Video: wrapped_avframe, yuv420p10le, 1920x1080 [SAR 1:1 DAR 16:9], q=2-31, 200 kb/s, 29.97 fps, 29.97 tbn, 29.97 tbc (default)
    Metadata:
    encoder         : Lavf58.49.100
      encoder         : Lavc58.99.100 wrapped_avframe
frame= 3628 fps= 28 q=-0.0 Lsize=N/A time=00:02:01.05 bitrate=N/A speed=0.935x    
video:1899kB audio:0kB subtitle:0kB other streams:0kB global headers:0kB muxing overhead: unknown
[libvmaf @ 0000018f818aee40] VMAF score: 87.285489
DEBUG ExitCode: 0
138.86MB
DEBUG Invoke-Process
File: ffmpeg
Arg: -y -nostats -analyzeduration 30M -probesize 100M -fflags +discardcorrupt -i 200808.ts -an -vf fieldmatch -c:v hevc_nvenc -preset:v p7 -profile:v main10 -rc:v vbr -rc-lookahead 0 -spatial-aq 0 -temporal-aq 0 -weighted_pred 0 -cq 15 -b_ref_mode 1 -dpb_size 4 -multipass 2 -g 60 -bf 3 -pix_fmt yuv420p10le -color_range tv -color_primaries bt709 -color_trc bt709 -colorspace bt709 -movflags +faststart output.mp4
ArgList:

ffmpeg version git-2020-08-06-2c35797 Copyright (c) 2000-2020 the FFmpeg developers
  built with gcc 10.2.1 (GCC) 20200805
  configuration: --disable-static --enable-shared --enable-gpl --enable-version3 --enable-sdl2 --enable-fontconfig --enable-gnutls --enable-iconv --enable-libass --enable-libdav1d --enable-libbluray --enable-libfreetype --enable-libmp3lame --enable-libopencore-amrnb --enable-libopencore-amrwb --enable-libopenjpeg --enable-libopus --enable-libshine --enable-libsnappy --enable-libsoxr --enable-libsrt --enable-libtheora --enable-libtwolame --enable-libvpx --enable-libwavpack --enable-libwebp --enable-libx264 --enable-libx265 --enable-libxml2 --enable-libzimg --enable-lzma --enable-zlib --enable-gmp --enable-libvidstab --enable-libvmaf --enable-libvorbis --enable-libvo-amrwbenc --enable-libmysofa --enable-libspeex --enable-libxvid --enable-libaom --enable-libgsm --enable-librav1e --disable-w32threads --enable-libmfx --enable-ffnvcodec --enable-cuda-llvm --enable-cuvid --enable-d3d11va --enable-nvenc --enable-nvdec --enable-dxva2 --enable-avisynth --enable-libopenmpt --enable-amf
  libavcodec     58. 99.100 / 58. 99.100
  libavutil      56. 58.100 / 56. 58.100
  libavfilter     7. 87.100 /  7. 87.100
  libavdevice    58. 11.101 / 58. 11.101
  libswresample   3.  8.100 /  3.  8.100
  libavformat    58. 49.100 / 58. 49.100
  libswscale      5.  8.100 /  5.  8.100
  libpostproc    55.  8.100 / 55.  8.100
Input #0, mpegts, from '200808.ts':
  Duration: 00:02:01.50, start: 1.400000, bitrate: 18764 kb/s
  Program 1 
    Metadata:
      service_name    : Service01
      service_provider: FFmpeg
    Stream #0:0[0x100]: Video: mpeg2video (Main) ([2][0][0][0] / 0x0002), yuv420p(tv, bt709, top first), 1920x1080 [SAR 1:1 DAR 16:9], 29.97 fps, 29.97 tbr, 90k tbn, 59.94 tbc
    Side data:
      cpb: bitrate max/min/avg: 24000000/0/0 buffer size: 9781248 vbv_delay: N/A
    Stream #0:1[0x101]: Audio: aac (LC) ([15][0][0][0] / 0x000F), 48000 Hz, stereo, fltp, 255 kb/s
Stream mapping:
  Stream #0:0 -> #0:0 (mpeg2video (native) -> hevc (hevc_nvenc))
Press [q] to stop, [?] for help
Incompatible pixel format 'yuv420p10le' for codec 'hevc_nvenc', auto-selecting format 'p010le'
Output #0, mp4, to 'output.mp4':
  Metadata:
    Stream #0:0: Video: hevc (hevc_nvenc) (Main 10) (hev1 / 0x31766568), p010le(tv, bt709), 1920x1080 [SAR 1:1 DAR 16:9], q=-1--1, 29.97 fps, 30k tbn, 29.97 tbc
    encoder         : Lavf58.49.100
      encoder         : Lavc58.99.100 hevc_nvenc
    Metadata:
    Side data:
      cpb: bitrate max/min/avg: 0/0/0 buffer size: 4000000 vbv_delay: N/A
[Parsed_fieldmatch_0 @ 00000176808a3800] Frame #356 at 11.8785 is still interlaced
[Parsed_fieldmatch_0 @ 00000176808a3800] Frame #480 at 16.016 is still interlaced
[Parsed_fieldmatch_0 @ 00000176808a3800] Frame #481 at 16.0494 is still interlaced
[Parsed_fieldmatch_0 @ 00000176808a3800] Frame #1227 at 40.9409 is still interlaced
[Parsed_fieldmatch_0 @ 00000176808a3800] Frame #1923 at 64.1641 is still interlaced
[Parsed_fieldmatch_0 @ 00000176808a3800] Frame #2497 at 83.3166 is still interlaced
[Parsed_fieldmatch_0 @ 00000176808a3800] Frame #2597 at 86.6532 is still interlaced
[Parsed_fieldmatch_0 @ 00000176808a3800] Frame #3322 at 110.844 is still interlaced
[Parsed_fieldmatch_0 @ 00000176808a3800] Frame #3422 at 114.181 is still interlaced
[mp4 @ 00000176833df040] Starting second pass: moving the moov atom to the beginning of the file
frame= 3628 fps= 80 q=26.0 Lsize=  142124kB time=00:02:00.92 bitrate=9628.5kbits/s dup=1 drop=0 speed=2.67x    
video:142092kB audio:0kB subtitle:0kB other streams:0kB global headers:0kB muxing overhead: 0.022501%
DEBUG ExitCode: 0
DEBUG Invoke-Process
File: ffmpeg
Arg: -y -nostats -i output.mp4 -i 200808.ts -filter_complex libvmaf=vmaf_v0.6.1.pkl -an -f null -
ArgList:

ffmpeg version git-2020-08-06-2c35797 Copyright (c) 2000-2020 the FFmpeg developers
  built with gcc 10.2.1 (GCC) 20200805
  configuration: --disable-static --enable-shared --enable-gpl --enable-version3 --enable-sdl2 --enable-fontconfig --enable-gnutls --enable-iconv --enable-libass --enable-libdav1d --enable-libbluray --enable-libfreetype --enable-libmp3lame --enable-libopencore-amrnb --enable-libopencore-amrwb --enable-libopenjpeg --enable-libopus --enable-libshine --enable-libsnappy --enable-libsoxr --enable-libsrt --enable-libtheora --enable-libtwolame --enable-libvpx --enable-libwavpack --enable-libwebp --enable-libx264 --enable-libx265 --enable-libxml2 --enable-libzimg --enable-lzma --enable-zlib --enable-gmp --enable-libvidstab --enable-libvmaf --enable-libvorbis --enable-libvo-amrwbenc --enable-libmysofa --enable-libspeex --enable-libxvid --enable-libaom --enable-libgsm --enable-librav1e --disable-w32threads --enable-libmfx --enable-ffnvcodec --enable-cuda-llvm --enable-cuvid --enable-d3d11va --enable-nvenc --enable-nvdec --enable-dxva2 --enable-avisynth --enable-libopenmpt --enable-amf
  libavutil      56. 58.100 / 56. 58.100
  libavcodec     58. 99.100 / 58. 99.100
  libavformat    58. 49.100 / 58. 49.100
  libavdevice    58. 11.101 / 58. 11.101
  libavfilter     7. 87.100 /  7. 87.100
  libswscale      5.  8.100 /  5.  8.100
  libswresample   3.  8.100 /  3.  8.100
  libpostproc    55.  8.100 / 55.  8.100
Input #0, mov,mp4,m4a,3gp,3g2,mj2, from 'output.mp4':
  Metadata:
    major_brand     : isom
    minor_version   : 512
    compatible_brands: isomiso2mp41
    encoder         : Lavf58.49.100
  Duration: 00:02:01.06, start: 0.000000, bitrate: 9617 kb/s
    Stream #0:0(und): Video: hevc (Main 10) (hev1 / 0x31766568), yuv420p10le(tv, bt709, progressive), 1920x1080 [SAR 1:1 DAR 16:9], 9615 kb/s, 29.97 fps, 29.97 tbr, 30k tbn, 29.97 tbc (default)
    Metadata:
      handler_name    : VideoHandler
Input #1, mpegts, from '200808.ts':
  Duration: 00:02:01.50, start: 1.400000, bitrate: 18764 kb/s
  Program 1 
    Metadata:
      service_provider: FFmpeg
      service_name    : Service01
    Stream #1:0[0x100]: Video: mpeg2video (Main) ([2][0][0][0] / 0x0002), yuv420p(tv, bt709, top first), 1920x1080 [SAR 1:1 DAR 16:9], 29.97 fps, 29.97 tbr, 90k tbn, 59.94 tbc
    Side data:
      cpb: bitrate max/min/avg: 24000000/0/0 buffer size: 9781248 vbv_delay: N/A
    Stream #1:1[0x101]: Audio: aac (LC) ([15][0][0][0] / 0x000F), 48000 Hz, stereo, fltp, 255 kb/s
Stream mapping:
  Stream #0:0 (hevc) -> libvmaf:main
Press [q] to stop, [?] for help
  Stream #1:0 (mpeg2video) -> libvmaf:reference
  libvmaf -> Stream #0:0 (wrapped_avframe)
Output #0, null, to 'pipe:':
  Metadata:
    major_brand     : isom
    compatible_brands: isomiso2mp41
    encoder         : Lavf58.49.100
    Stream #0:0: Video: wrapped_avframe, yuv420p10le, 1920x1080 [SAR 1:1 DAR 16:9], q=2-31, 200 kb/s, 29.97 fps, 29.97 tbn, 29.97 tbc (default)
    Metadata:
    minor_version   : 512
      encoder         : Lavc58.99.100 wrapped_avframe
frame= 3628 fps= 28 q=-0.0 Lsize=N/A time=00:02:01.05 bitrate=N/A speed=0.935x    
video:1899kB audio:0kB subtitle:0kB other streams:0kB global headers:0kB muxing overhead: unknown
[libvmaf @ 0000023637e8d480] VMAF score: 87.300140
DEBUG ExitCode: 0
138.79MB
DEBUG Invoke-Process
File: ffmpeg
Arg: -y -nostats -analyzeduration 30M -probesize 100M -fflags +discardcorrupt -i 200808.ts -an -vf fieldmatch -c:v hevc_nvenc -preset:v p7 -profile:v main10 -rc:v vbr -rc-lookahead 0 -spatial-aq 0 -temporal-aq 0 -weighted_pred 0 -cq 20 -b_ref_mode 1 -dpb_size 4 -multipass 2 -g 60 -bf 3 -pix_fmt yuv420p10le -color_range tv -color_primaries bt709 -color_trc bt709 -colorspace bt709 -movflags +faststart output.mp4
ArgList:

ffmpeg version git-2020-08-06-2c35797 Copyright (c) 2000-2020 the FFmpeg developers
  built with gcc 10.2.1 (GCC) 20200805
  configuration: --disable-static --enable-shared --enable-gpl --enable-version3 --enable-sdl2 --enable-fontconfig --enable-gnutls --enable-iconv --enable-libass --enable-libdav1d --enable-libbluray --enable-libfreetype --enable-libmp3lame --enable-libopencore-amrnb --enable-libopencore-amrwb --enable-libopenjpeg --enable-libopus --enable-libshine --enable-libsnappy --enable-libsoxr --enable-libsrt --enable-libtheora --enable-libtwolame --enable-libvpx --enable-libwavpack --enable-libwebp --enable-libx264 --enable-libx265 --enable-libxml2 --enable-libzimg --enable-lzma --enable-zlib --enable-gmp --enable-libvidstab --enable-libvmaf --enable-libvorbis --enable-libvo-amrwbenc --enable-libmysofa --enable-libspeex --enable-libxvid --enable-libaom --enable-libgsm --enable-librav1e --disable-w32threads --enable-libmfx --enable-ffnvcodec --enable-cuda-llvm --enable-cuvid --enable-d3d11va --enable-nvenc --enable-nvdec --enable-dxva2 --enable-avisynth --enable-libopenmpt --enable-amf
  libavutil      56. 58.100 / 56. 58.100
  libavformat    58. 49.100 / 58. 49.100
  libavdevice    58. 11.101 / 58. 11.101
  libavfilter     7. 87.100 /  7. 87.100
  libswscale      5.  8.100 /  5.  8.100
  libpostproc    55.  8.100 / 55.  8.100
  libswresample   3.  8.100 /  3.  8.100
  libavcodec     58. 99.100 / 58. 99.100
Input #0, mpegts, from '200808.ts':
  Duration: 00:02:01.50, start: 1.400000, bitrate: 18764 kb/s
  Program 1 
      service_name    : Service01
    Metadata:
      service_provider: FFmpeg
    Stream #0:0[0x100]: Video: mpeg2video (Main) ([2][0][0][0] / 0x0002), yuv420p(tv, bt709, top first), 1920x1080 [SAR 1:1 DAR 16:9], 29.97 fps, 29.97 tbr, 90k tbn, 59.94 tbc
    Side data:
      cpb: bitrate max/min/avg: 24000000/0/0 buffer size: 9781248 vbv_delay: N/A
    Stream #0:1[0x101]: Audio: aac (LC) ([15][0][0][0] / 0x000F), 48000 Hz, stereo, fltp, 255 kb/s
Stream mapping:
  Stream #0:0 -> #0:0 (mpeg2video (native) -> hevc (hevc_nvenc))
Press [q] to stop, [?] for help
Incompatible pixel format 'yuv420p10le' for codec 'hevc_nvenc', auto-selecting format 'p010le'
Output #0, mp4, to 'output.mp4':
  Metadata:
    encoder         : Lavf58.49.100
    Metadata:
      encoder         : Lavc58.99.100 hevc_nvenc
      cpb: bitrate max/min/avg: 0/0/0 buffer size: 4000000 vbv_delay: N/A
    Stream #0:0: Video: hevc (hevc_nvenc) (Main 10) (hev1 / 0x31766568), p010le(tv, bt709), 1920x1080 [SAR 1:1 DAR 16:9], q=-1--1, 29.97 fps, 30k tbn, 29.97 tbc
    Side data:
[Parsed_fieldmatch_0 @ 0000028f0b1c3800] Frame #356 at 11.8785 is still interlaced
[Parsed_fieldmatch_0 @ 0000028f0b1c3800] Frame #480 at 16.016 is still interlaced
[Parsed_fieldmatch_0 @ 0000028f0b1c3800] Frame #481 at 16.0494 is still interlaced
[Parsed_fieldmatch_0 @ 0000028f0b1c3800] Frame #1227 at 40.9409 is still interlaced
[Parsed_fieldmatch_0 @ 0000028f0b1c3800] Frame #1923 at 64.1641 is still interlaced
[Parsed_fieldmatch_0 @ 0000028f0b1c3800] Frame #2497 at 83.3166 is still interlaced
[Parsed_fieldmatch_0 @ 0000028f0b1c3800] Frame #2597 at 86.6532 is still interlaced
[Parsed_fieldmatch_0 @ 0000028f0b1c3800] Frame #3322 at 110.844 is still interlaced
[Parsed_fieldmatch_0 @ 0000028f0b1c3800] Frame #3422 at 114.181 is still interlaced
[mp4 @ 0000028f0dcff040] Starting second pass: moving the moov atom to the beginning of the file
frame= 3628 fps= 80 q=26.0 Lsize=  139394kB time=00:02:00.92 bitrate=9443.5kbits/s dup=1 drop=0 speed=2.67x    
video:139362kB audio:0kB subtitle:0kB other streams:0kB global headers:0kB muxing overhead: 0.022944%
DEBUG ExitCode: 0
DEBUG Invoke-Process
File: ffmpeg
Arg: -y -nostats -i output.mp4 -i 200808.ts -filter_complex libvmaf=vmaf_v0.6.1.pkl -an -f null -
ArgList:

ffmpeg version git-2020-08-06-2c35797 Copyright (c) 2000-2020 the FFmpeg developers
  built with gcc 10.2.1 (GCC) 20200805
  configuration: --disable-static --enable-shared --enable-gpl --enable-version3 --enable-sdl2 --enable-fontconfig --enable-gnutls --enable-iconv --enable-libass --enable-libdav1d --enable-libbluray --enable-libfreetype --enable-libmp3lame --enable-libopencore-amrnb --enable-libopencore-amrwb --enable-libopenjpeg --enable-libopus --enable-libshine --enable-libsnappy --enable-libsoxr --enable-libsrt --enable-libtheora --enable-libtwolame --enable-libvpx --enable-libwavpack --enable-libwebp --enable-libx264 --enable-libx265 --enable-libxml2 --enable-libzimg --enable-lzma --enable-zlib --enable-gmp --enable-libvidstab --enable-libvmaf --enable-libvorbis --enable-libvo-amrwbenc --enable-libmysofa --enable-libspeex --enable-libxvid --enable-libaom --enable-libgsm --enable-librav1e --disable-w32threads --enable-libmfx --enable-ffnvcodec --enable-cuda-llvm --enable-cuvid --enable-d3d11va --enable-nvenc --enable-nvdec --enable-dxva2 --enable-avisynth --enable-libopenmpt --enable-amf
  libavcodec     58. 99.100 / 58. 99.100
  libavformat    58. 49.100 / 58. 49.100
  libavdevice    58. 11.101 / 58. 11.101
  libavfilter     7. 87.100 /  7. 87.100
  libswscale      5.  8.100 /  5.  8.100
  libswresample   3.  8.100 /  3.  8.100
  libpostproc    55.  8.100 / 55.  8.100
  libavutil      56. 58.100 / 56. 58.100
Input #0, mov,mp4,m4a,3gp,3g2,mj2, from 'output.mp4':
  Metadata:
    major_brand     : isom
    minor_version   : 512
    compatible_brands: isomiso2mp41
  Duration: 00:02:01.06, start: 0.000000, bitrate: 9433 kb/s
    encoder         : Lavf58.49.100
    Stream #0:0(und): Video: hevc (Main 10) (hev1 / 0x31766568), yuv420p10le(tv, bt709, progressive), 1920x1080 [SAR 1:1 DAR 16:9], 9430 kb/s, 29.97 fps, 29.97 tbr, 30k tbn, 29.97 tbc (default)
      handler_name    : VideoHandler
    Metadata:
Input #1, mpegts, from '200808.ts':
  Program 1 
    Metadata:
      service_name    : Service01
      service_provider: FFmpeg
    Stream #1:0[0x100]: Video: mpeg2video (Main) ([2][0][0][0] / 0x0002), yuv420p(tv, bt709, top first), 1920x1080 [SAR 1:1 DAR 16:9], 29.97 fps, 29.97 tbr, 90k tbn, 59.94 tbc
      cpb: bitrate max/min/avg: 24000000/0/0 buffer size: 9781248 vbv_delay: N/A
    Stream #1:1[0x101]: Audio: aac (LC) ([15][0][0][0] / 0x000F), 48000 Hz, stereo, fltp, 255 kb/s
    Side data:
  Duration: 00:02:01.50, start: 1.400000, bitrate: 18764 kb/s
Stream mapping:
  Stream #0:0 (hevc) -> libvmaf:main
  Stream #1:0 (mpeg2video) -> libvmaf:reference
  libvmaf -> Stream #0:0 (wrapped_avframe)
Press [q] to stop, [?] for help
Output #0, null, to 'pipe:':
  Metadata:
    major_brand     : isom
    minor_version   : 512
    encoder         : Lavf58.49.100
    Stream #0:0: Video: wrapped_avframe, yuv420p10le, 1920x1080 [SAR 1:1 DAR 16:9], q=2-31, 200 kb/s, 29.97 fps, 29.97 tbn, 29.97 tbc (default)
    compatible_brands: isomiso2mp41
    Metadata:
      encoder         : Lavc58.99.100 wrapped_avframe
frame= 3628 fps= 28 q=-0.0 Lsize=N/A time=00:02:01.05 bitrate=N/A speed=0.94x    
video:1899kB audio:0kB subtitle:0kB other streams:0kB global headers:0kB muxing overhead: unknown
[libvmaf @ 000001ffd32eebc0] VMAF score: 87.290015
DEBUG ExitCode: 0
136.13MB
DEBUG Invoke-Process
File: ffmpeg
Arg: -y -nostats -analyzeduration 30M -probesize 100M -fflags +discardcorrupt -i 200808.ts -an -vf fieldmatch -c:v hevc_nvenc -preset:v p7 -profile:v main10 -rc:v vbr -rc-lookahead 0 -spatial-aq 0 -temporal-aq 0 -weighted_pred 0 -cq 25 -b_ref_mode 1 -dpb_size 4 -multipass 2 -g 60 -bf 3 -pix_fmt yuv420p10le -color_range tv -color_primaries bt709 -color_trc bt709 -colorspace bt709 -movflags +faststart output.mp4
ArgList:

ffmpeg version git-2020-08-06-2c35797 Copyright (c) 2000-2020 the FFmpeg developers
  built with gcc 10.2.1 (GCC) 20200805
