**********************
PowerShell transcript start
Start time: 20200809172841
**********************
Transcript started, output file is ./logs/hevcnvenc_gop_2_190507.avi.log
DEBUG Invoke-Process
File: ffmpeg
Arg: -y -nostats -analyzeduration 30M -probesize 100M -fflags +discardcorrupt -i 190507.avi -an -c:v hevc_nvenc -preset:v p7 -profile:v main10 -rc:v constqp -rc-lookahead 0 -spatial-aq 0 -temporal-aq 0 -weighted_pred 0 -init_qpI 22 -init_qpP 22 -init_qpB 22 -b_ref_mode 1 -dpb_size 4 -multipass 2 -g 90 -bf 3 -pix_fmt yuv420p10le -color_range tv -color_primaries bt709 -color_trc bt709 -colorspace bt709 -movflags +faststart output.mp4
ArgList:

ffmpeg version git-2020-08-06-2c35797 Copyright (c) 2000-2020 the FFmpeg developers
  built with gcc 10.2.1 (GCC) 20200805
  configuration: --disable-static --enable-shared --enable-gpl --enable-version3 --enable-sdl2 --enable-fontconfig --enable-gnutls --enable-iconv --enable-libass --enable-libdav1d --enable-libbluray --enable-libfreetype --enable-libmp3lame --enable-libopencore-amrnb --enable-libopencore-amrwb --enable-libopenjpeg --enable-libopus --enable-libshine --enable-libsnappy --enable-libsoxr --enable-libsrt --enable-libtheora --enable-libtwolame --enable-libvpx --enable-libwavpack --enable-libwebp --enable-libx264 --enable-libx265 --enable-libxml2 --enable-libzimg --enable-lzma --enable-zlib --enable-gmp --enable-libvidstab --enable-libvmaf --enable-libvorbis --enable-libvo-amrwbenc --enable-libmysofa --enable-libspeex --enable-libxvid --enable-libaom --enable-libgsm --enable-librav1e --disable-w32threads --enable-libmfx --enable-ffnvcodec --enable-cuda-llvm --enable-cuvid --enable-d3d11va --enable-nvenc --enable-nvdec --enable-dxva2 --enable-avisynth --enable-libopenmpt --enable-amf
  libavutil      56. 58.100 / 56. 58.100
  libavformat    58. 49.100 / 58. 49.100
  libavdevice    58. 11.101 / 58. 11.101
  libavfilter     7. 87.100 /  7. 87.100
  libswresample   3.  8.100 /  3.  8.100
  libpostproc    55.  8.100 / 55.  8.100
  libswscale      5.  8.100 /  5.  8.100
  libavcodec     58. 99.100 / 58. 99.100
Input #0, avi, from '190507.avi':
  Metadata:
    encoder         : Lavf58.49.100
  Duration: 00:01:00.00, start: 0.000000, bitrate: 224512 kb/s
    Stream #0:0: Video: utvideo (ULH0 / 0x30484C55), yuv420p(bt709/unknown/unknown), 1920x1080, 224630 kb/s, 30 fps, 30 tbr, 30 tbn, 30 tbc
Stream mapping:
  Stream #0:0 -> #0:0 (utvideo (native) -> hevc (hevc_nvenc))
Press [q] to stop, [?] for help
Incompatible pixel format 'yuv420p10le' for codec 'hevc_nvenc', auto-selecting format 'p010le'
Output #0, mp4, to 'output.mp4':
  Metadata:
    Metadata:
    Stream #0:0: Video: hevc (hevc_nvenc) (Main 10) (hev1 / 0x31766568), p010le(tv, bt709), 1920x1080, q=-1--1, 2000 kb/s, 30 fps, 15360 tbn, 30 tbc
      encoder         : Lavc58.99.100 hevc_nvenc
    Side data:
      cpb: bitrate max/min/avg: 0/0/2000000 buffer size: 4000000 vbv_delay: N/A
    encoder         : Lavf58.49.100
[mp4 @ 0000020959ccb680] Starting second pass: moving the moov atom to the beginning of the file
frame= 1800 fps=129 q=21.0 Lsize=  100849kB time=00:00:59.86 bitrate=13799.9kbits/s speed= 4.3x    
video:100832kB audio:0kB subtitle:0kB other streams:0kB global headers:0kB muxing overhead: 0.016348%
DEBUG ExitCode: 0
DEBUG Invoke-Process
File: ffmpeg
Arg: -y -nostats -i output.mp4 -i 190507.avi -filter_complex libvmaf=vmaf_v0.6.1.pkl -an -f null -
ArgList:

ffmpeg version git-2020-08-06-2c35797 Copyright (c) 2000-2020 the FFmpeg developers
  built with gcc 10.2.1 (GCC) 20200805
  libavutil      56. 58.100 / 56. 58.100
  configuration: --disable-static --enable-shared --enable-gpl --enable-version3 --enable-sdl2 --enable-fontconfig --enable-gnutls --enable-iconv --enable-libass --enable-libdav1d --enable-libbluray --enable-libfreetype --enable-libmp3lame --enable-libopencore-amrnb --enable-libopencore-amrwb --enable-libopenjpeg --enable-libopus --enable-libshine --enable-libsnappy --enable-libsoxr --enable-libsrt --enable-libtheora --enable-libtwolame --enable-libvpx --enable-libwavpack --enable-libwebp --enable-libx264 --enable-libx265 --enable-libxml2 --enable-libzimg --enable-lzma --enable-zlib --enable-gmp --enable-libvidstab --enable-libvmaf --enable-libvorbis --enable-libvo-amrwbenc --enable-libmysofa --enable-libspeex --enable-libxvid --enable-libaom --enable-libgsm --enable-librav1e --disable-w32threads --enable-libmfx --enable-ffnvcodec --enable-cuda-llvm --enable-cuvid --enable-d3d11va --enable-nvenc --enable-nvdec --enable-dxva2 --enable-avisynth --enable-libopenmpt --enable-amf
  libavformat    58. 49.100 / 58. 49.100
  libavdevice    58. 11.101 / 58. 11.101
  libavcodec     58. 99.100 / 58. 99.100
  libavfilter     7. 87.100 /  7. 87.100
  libswscale      5.  8.100 /  5.  8.100
  libswresample   3.  8.100 /  3.  8.100
  libpostproc    55.  8.100 / 55.  8.100
Input #0, mov,mp4,m4a,3gp,3g2,mj2, from 'output.mp4':
  Metadata:
    minor_version   : 512
    major_brand     : isom
    compatible_brands: isomiso2mp41
    encoder         : Lavf58.49.100
  Duration: 00:01:00.00, start: 0.000000, bitrate: 13769 kb/s
    Stream #0:0(und): Video: hevc (Main 10) (hev1 / 0x31766568), yuv420p10le(tv, bt709, progressive), 1920x1080 [SAR 1:1 DAR 16:9], 13766 kb/s, 30 fps, 30 tbr, 15360 tbn, 30 tbc (default)
    Metadata:
      handler_name    : VideoHandler
Input #1, avi, from '190507.avi':
  Metadata:
    encoder         : Lavf58.49.100
  Duration: 00:01:00.00, start: 0.000000, bitrate: 224512 kb/s
    Stream #1:0: Video: utvideo (ULH0 / 0x30484C55), yuv420p(bt709/unknown/unknown), 1920x1080, 224630 kb/s, 30 fps, 30 tbr, 30 tbn, 30 tbc
Stream mapping:
  Stream #0:0 (hevc) -> libvmaf:main
  libvmaf -> Stream #0:0 (wrapped_avframe)
Press [q] to stop, [?] for help
  Stream #1:0 (utvideo) -> libvmaf:reference
Output #0, null, to 'pipe:':
  Metadata:
    minor_version   : 512
    major_brand     : isom
    compatible_brands: isomiso2mp41
    Stream #0:0: Video: wrapped_avframe, yuv420p10le, 1920x1080 [SAR 1:1 DAR 16:9], q=2-31, 200 kb/s, 30 fps, 30 tbn, 30 tbc (default)
    encoder         : Lavf58.49.100
    Metadata:
      encoder         : Lavc58.99.100 wrapped_avframe
frame= 1800 fps= 27 q=-0.0 Lsize=N/A time=00:01:00.00 bitrate=N/A speed=0.896x    
video:942kB audio:0kB subtitle:0kB other streams:0kB global headers:0kB muxing overhead: unknown
[libvmaf @ 0000021f901ee4c0] VMAF score: 96.694126
DEBUG ExitCode: 0
98.49MB
DEBUG Invoke-Process
File: ffmpeg
Arg: -y -nostats -analyzeduration 30M -probesize 100M -fflags +discardcorrupt -i 190507.avi -an -c:v hevc_nvenc -preset:v p7 -profile:v main10 -rc:v constqp -rc-lookahead 0 -spatial-aq 0 -temporal-aq 0 -weighted_pred 0 -init_qpI 22 -init_qpP 22 -init_qpB 22 -b_ref_mode 1 -dpb_size 4 -multipass 2 -g 200 -bf 3 -pix_fmt yuv420p10le -color_range tv -color_primaries bt709 -color_trc bt709 -colorspace bt709 -movflags +faststart output.mp4
ArgList:

built with gcc 10.2.1 (GCC) 20200805
  configuration: --disable-static --enable-shared --enable-gpl --enable-version3 --enable-sdl2 --enable-fontconfig --enable-gnutls --enable-iconv --enable-libass --enable-libdav1d --enable-libbluray --enable-libfreetype --enable-libmp3lame --enable-libopencore-amrnb --enable-libopencore-amrwb --enable-libopenjpeg --enable-libopus --enable-libshine --enable-libsnappy --enable-libsoxr --enable-libsrt --enable-libtheora --enable-libtwolame --enable-libvpx --enable-libwavpack --enable-libwebp --enable-libx264 --enable-libx265 --enable-libxml2 --enable-libzimg --enable-lzma --enable-zlib --enable-gmp --enable-libvidstab --enable-libvmaf --enable-libvorbis --enable-libvo-amrwbenc --enable-libmysofa --enable-libspeex --enable-libxvid --enable-libaom --enable-libgsm --enable-librav1e --disable-w32threads --enable-libmfx --enable-ffnvcodec --enable-cuda-llvm --enable-cuvid --enable-d3d11va --enable-nvenc --enable-nvdec --enable-dxva2 --enable-avisynth --enable-libopenmpt --enable-amf
  libavformat    58. 49.100 / 58. 49.100
  libavcodec     58. 99.100 / 58. 99.100
  libavdevice    58. 11.101 / 58. 11.101
  libavfilter     7. 87.100 /  7. 87.100
  libswscale      5.  8.100 /  5.  8.100
  libswresample   3.  8.100 /  3.  8.100
  libpostproc    55.  8.100 / 55.  8.100
  libavutil      56. 58.100 / 56. 58.100
ffmpeg version git-2020-08-06-2c35797 Copyright (c) 2000-2020 the FFmpeg developers
Input #0, avi, from '190507.avi':
  Metadata:
    encoder         : Lavf58.49.100
  Duration: 00:01:00.00, start: 0.000000, bitrate: 224512 kb/s
    Stream #0:0: Video: utvideo (ULH0 / 0x30484C55), yuv420p(bt709/unknown/unknown), 1920x1080, 224630 kb/s, 30 fps, 30 tbr, 30 tbn, 30 tbc
Stream mapping:
  Stream #0:0 -> #0:0 (utvideo (native) -> hevc (hevc_nvenc))
Press [q] to stop, [?] for help
Incompatible pixel format 'yuv420p10le' for codec 'hevc_nvenc', auto-selecting format 'p010le'
Output #0, mp4, to 'output.mp4':
    encoder         : Lavf58.49.100
    Stream #0:0: Video: hevc (hevc_nvenc) (Main 10) (hev1 / 0x31766568), p010le(tv, bt709), 1920x1080, q=-1--1, 2000 kb/s, 30 fps, 15360 tbn, 30 tbc
      encoder         : Lavc58.99.100 hevc_nvenc
      cpb: bitrate max/min/avg: 0/0/2000000 buffer size: 4000000 vbv_delay: N/A
  Metadata:
    Metadata:
    Side data:
[mp4 @ 000002569bb1b680] Starting second pass: moving the moov atom to the beginning of the file
frame= 1800 fps=131 q=21.0 Lsize=   99486kB time=00:00:59.86 bitrate=13613.4kbits/s speed=4.34x    
video:99470kB audio:0kB subtitle:0kB other streams:0kB global headers:0kB muxing overhead: 0.016564%
DEBUG ExitCode: 0
DEBUG Invoke-Process
File: ffmpeg
Arg: -y -nostats -i output.mp4 -i 190507.avi -filter_complex libvmaf=vmaf_v0.6.1.pkl -an -f null -
ArgList:

ffmpeg version git-2020-08-06-2c35797 Copyright (c) 2000-2020 the FFmpeg developers
  built with gcc 10.2.1 (GCC) 20200805
  configuration: --disable-static --enable-shared --enable-gpl --enable-version3 --enable-sdl2 --enable-fontconfig --enable-gnutls --enable-iconv --enable-libass --enable-libdav1d --enable-libbluray --enable-libfreetype --enable-libmp3lame --enable-libopencore-amrnb --enable-libopencore-amrwb --enable-libopenjpeg --enable-libopus --enable-libshine --enable-libsnappy --enable-libsoxr --enable-libsrt --enable-libtheora --enable-libtwolame --enable-libvpx --enable-libwavpack --enable-libwebp --enable-libx264 --enable-libx265 --enable-libxml2 --enable-libzimg --enable-lzma --enable-zlib --enable-gmp --enable-libvidstab --enable-libvmaf --enable-libvorbis --enable-libvo-amrwbenc --enable-libmysofa --enable-libspeex --enable-libxvid --enable-libaom --enable-libgsm --enable-librav1e --disable-w32threads --enable-libmfx --enable-ffnvcodec --enable-cuda-llvm --enable-cuvid --enable-d3d11va --enable-nvenc --enable-nvdec --enable-dxva2 --enable-avisynth --enable-libopenmpt --enable-amf
  libavutil      56. 58.100 / 56. 58.100
  libavcodec     58. 99.100 / 58. 99.100
  libavformat    58. 49.100 / 58. 49.100
  libswscale      5.  8.100 /  5.  8.100
  libavdevice    58. 11.101 / 58. 11.101
  libswresample   3.  8.100 /  3.  8.100
  libpostproc    55.  8.100 / 55.  8.100
  libavfilter     7. 87.100 /  7. 87.100
Input #0, mov,mp4,m4a,3gp,3g2,mj2, from 'output.mp4':
  Metadata:
    minor_version   : 512
    compatible_brands: isomiso2mp41
    encoder         : Lavf58.49.100
  Duration: 00:01:00.00, start: 0.000000, bitrate: 13583 kb/s
    Stream #0:0(und): Video: hevc (Main 10) (hev1 / 0x31766568), yuv420p10le(tv, bt709, progressive), 1920x1080 [SAR 1:1 DAR 16:9], 13580 kb/s, 30 fps, 30 tbr, 15360 tbn, 30 tbc (default)
    major_brand     : isom
    Metadata:
      handler_name    : VideoHandler
Input #1, avi, from '190507.avi':
  Metadata:
    encoder         : Lavf58.49.100
  Duration: 00:01:00.00, start: 0.000000, bitrate: 224512 kb/s
    Stream #1:0: Video: utvideo (ULH0 / 0x30484C55), yuv420p(bt709/unknown/unknown), 1920x1080, 224630 kb/s, 30 fps, 30 tbr, 30 tbn, 30 tbc
Stream mapping:
  Stream #0:0 (hevc) -> libvmaf:main
  Stream #1:0 (utvideo) -> libvmaf:reference
  libvmaf -> Stream #0:0 (wrapped_avframe)
Press [q] to stop, [?] for help
Output #0, null, to 'pipe:':
    major_brand     : isom
    compatible_brands: isomiso2mp41
    minor_version   : 512
    encoder         : Lavf58.49.100
  Metadata:
    Metadata:
    Stream #0:0: Video: wrapped_avframe, yuv420p10le, 1920x1080 [SAR 1:1 DAR 16:9], q=2-31, 200 kb/s, 30 fps, 30 tbn, 30 tbc (default)
      encoder         : Lavc58.99.100 wrapped_avframe
frame= 1800 fps= 27 q=-0.0 Lsize=N/A time=00:01:00.00 bitrate=N/A speed=0.892x    
video:942kB audio:0kB subtitle:0kB other streams:0kB global headers:0kB muxing overhead: unknown
[libvmaf @ 0000013e5d6c8080] VMAF score: 96.671163
DEBUG ExitCode: 0
97.15MB
DEBUG Invoke-Process
File: ffmpeg
Arg: -y -nostats -analyzeduration 30M -probesize 100M -fflags +discardcorrupt -i 190507.avi -an -c:v hevc_nvenc -preset:v p7 -profile:v main10 -rc:v constqp -rc-lookahead 0 -spatial-aq 0 -temporal-aq 0 -weighted_pred 0 -init_qpI 22 -init_qpP 22 -init_qpB 22 -b_ref_mode 1 -dpb_size 4 -multipass 2 -g 250 -bf 3 -pix_fmt yuv420p10le -color_range tv -color_primaries bt709 -color_trc bt709 -colorspace bt709 -movflags +faststart output.mp4
ArgList:

ffmpeg version git-2020-08-06-2c35797 Copyright (c) 2000-2020 the FFmpeg developers
  built with gcc 10.2.1 (GCC) 20200805
  configuration: --disable-static --enable-shared --enable-gpl --enable-version3 --enable-sdl2 --enable-fontconfig --enable-gnutls --enable-iconv --enable-libass --enable-libdav1d --enable-libbluray --enable-libfreetype --enable-libmp3lame --enable-libopencore-amrnb --enable-libopencore-amrwb --enable-libopenjpeg --enable-libopus --enable-libshine --enable-libsnappy --enable-libsoxr --enable-libsrt --enable-libtheora --enable-libtwolame --enable-libvpx --enable-libwavpack --enable-libwebp --enable-libx264 --enable-libx265 --enable-libxml2 --enable-libzimg --enable-lzma --enable-zlib --enable-gmp --enable-libvidstab --enable-libvmaf --enable-libvorbis --enable-libvo-amrwbenc --enable-libmysofa --enable-libspeex --enable-libxvid --enable-libaom --enable-libgsm --enable-librav1e --disable-w32threads --enable-libmfx --enable-ffnvcodec --enable-cuda-llvm --enable-cuvid --enable-d3d11va --enable-nvenc --enable-nvdec --enable-dxva2 --enable-avisynth --enable-libopenmpt --enable-amf
  libavdevice    58. 11.101 / 58. 11.101
  libavfilter     7. 87.100 /  7. 87.100
  libswscale      5.  8.100 /  5.  8.100
  libavformat    58. 49.100 / 58. 49.100
  libswresample   3.  8.100 /  3.  8.100
  libpostproc    55.  8.100 / 55.  8.100
  libavutil      56. 58.100 / 56. 58.100
  libavcodec     58. 99.100 / 58. 99.100
Input #0, avi, from '190507.avi':
  Metadata:
    encoder         : Lavf58.49.100
  Duration: 00:01:00.00, start: 0.000000, bitrate: 224512 kb/s
    Stream #0:0: Video: utvideo (ULH0 / 0x30484C55), yuv420p(bt709/unknown/unknown), 1920x1080, 224630 kb/s, 30 fps, 30 tbr, 30 tbn, 30 tbc
Stream mapping:
  Stream #0:0 -> #0:0 (utvideo (native) -> hevc (hevc_nvenc))
Press [q] to stop, [?] for help
Incompatible pixel format 'yuv420p10le' for codec 'hevc_nvenc', auto-selecting format 'p010le'
Output #0, mp4, to 'output.mp4':
  Metadata:
    encoder         : Lavf58.49.100
    Stream #0:0: Video: hevc (hevc_nvenc) (Main 10) (hev1 / 0x31766568), p010le(tv, bt709), 1920x1080, q=-1--1, 2000 kb/s, 30 fps, 15360 tbn, 30 tbc
    Metadata:
      encoder         : Lavc58.99.100 hevc_nvenc
    Side data:
      cpb: bitrate max/min/avg: 0/0/2000000 buffer size: 4000000 vbv_delay: N/A
[mp4 @ 000001879243b680] Starting second pass: moving the moov atom to the beginning of the file
frame= 1800 fps=130 q=21.0 Lsize=   99499kB time=00:00:59.86 bitrate=13615.1kbits/s speed=4.31x    
video:99482kB audio:0kB subtitle:0kB other streams:0kB global headers:0kB muxing overhead: 0.016441%
DEBUG ExitCode: 0
DEBUG Invoke-Process
File: ffmpeg
Arg: -y -nostats -i output.mp4 -i 190507.avi -filter_complex libvmaf=vmaf_v0.6.1.pkl -an -f null -
ArgList:

ffmpeg version git-2020-08-06-2c35797 Copyright (c) 2000-2020 the FFmpeg developers
  built with gcc 10.2.1 (GCC) 20200805
  libavutil      56. 58.100 / 56. 58.100
  configuration: --disable-static --enable-shared --enable-gpl --enable-version3 --enable-sdl2 --enable-fontconfig --enable-gnutls --enable-iconv --enable-libass --enable-libdav1d --enable-libbluray --enable-libfreetype --enable-libmp3lame --enable-libopencore-amrnb --enable-libopencore-amrwb --enable-libopenjpeg --enable-libopus --enable-libshine --enable-libsnappy --enable-libsoxr --enable-libsrt --enable-libtheora --enable-libtwolame --enable-libvpx --enable-libwavpack --enable-libwebp --enable-libx264 --enable-libx265 --enable-libxml2 --enable-libzimg --enable-lzma --enable-zlib --enable-gmp --enable-libvidstab --enable-libvmaf --enable-libvorbis --enable-libvo-amrwbenc --enable-libmysofa --enable-libspeex --enable-libxvid --enable-libaom --enable-libgsm --enable-librav1e --disable-w32threads --enable-libmfx --enable-ffnvcodec --enable-cuda-llvm --enable-cuvid --enable-d3d11va --enable-nvenc --enable-nvdec --enable-dxva2 --enable-avisynth --enable-libopenmpt --enable-amf
  libavcodec     58. 99.100 / 58. 99.100
  libavfilter     7. 87.100 /  7. 87.100
  libavdevice    58. 11.101 / 58. 11.101
  libswscale      5.  8.100 /  5.  8.100
  libavformat    58. 49.100 / 58. 49.100
  libpostproc    55.  8.100 / 55.  8.100
  libswresample   3.  8.100 /  3.  8.100
Input #0, mov,mp4,m4a,3gp,3g2,mj2, from 'output.mp4':
  Metadata:
    minor_version   : 512
    major_brand     : isom
    compatible_brands: isomiso2mp41
    encoder         : Lavf58.49.100
  Duration: 00:01:00.00, start: 0.000000, bitrate: 13584 kb/s
    Stream #0:0(und): Video: hevc (Main 10) (hev1 / 0x31766568), yuv420p10le(tv, bt709, progressive), 1920x1080 [SAR 1:1 DAR 16:9], 13582 kb/s, 30 fps, 30 tbr, 15360 tbn, 30 tbc (default)
    Metadata:
      handler_name    : VideoHandler
Input #1, avi, from '190507.avi':
  Metadata:
    encoder         : Lavf58.49.100
  Duration: 00:01:00.00, start: 0.000000, bitrate: 224512 kb/s
    Stream #1:0: Video: utvideo (ULH0 / 0x30484C55), yuv420p(bt709/unknown/unknown), 1920x1080, 224630 kb/s, 30 fps, 30 tbr, 30 tbn, 30 tbc
Stream mapping:
  Stream #0:0 (hevc) -> libvmaf:main
  Stream #1:0 (utvideo) -> libvmaf:reference
  libvmaf -> Stream #0:0 (wrapped_avframe)
Press [q] to stop, [?] for help
Output #0, null, to 'pipe:':
  Metadata:
    major_brand     : isom
    minor_version   : 512
    compatible_brands: isomiso2mp41
    encoder         : Lavf58.49.100
    Stream #0:0: Video: wrapped_avframe, yuv420p10le, 1920x1080 [SAR 1:1 DAR 16:9], q=2-31, 200 kb/s, 30 fps, 30 tbn, 30 tbc (default)
    Metadata:
      encoder         : Lavc58.99.100 wrapped_avframe
frame= 1800 fps= 26 q=-0.0 Lsize=N/A time=00:01:00.00 bitrate=N/A speed=0.863x    
video:942kB audio:0kB subtitle:0kB other streams:0kB global headers:0kB muxing overhead: unknown
[libvmaf @ 00000177e23d9640] VMAF score: 96.693117
DEBUG ExitCode: 0
97.17MB
DEBUG Invoke-Process
File: ffmpeg
Arg: -y -nostats -analyzeduration 30M -probesize 100M -fflags +discardcorrupt -i 190507.avi -an -c:v hevc_nvenc -preset:v p7 -profile:v main10 -rc:v constqp -rc-lookahead 0 -spatial-aq 0 -temporal-aq 0 -weighted_pred 0 -init_qpI 22 -init_qpP 22 -init_qpB 22 -b_ref_mode 1 -dpb_size 4 -multipass 2 -g 300 -bf 3 -pix_fmt yuv420p10le -color_range tv -color_primaries bt709 -color_trc bt709 -colorspace bt709 -movflags +faststart output.mp4
ArgList:

built with gcc 10.2.1 (GCC) 20200805
  configuration: --disable-static --enable-shared --enable-gpl --enable-version3 --enable-sdl2 --enable-fontconfig --enable-gnutls --enable-iconv --enable-libass --enable-libdav1d --enable-libbluray --enable-libfreetype --enable-libmp3lame --enable-libopencore-amrnb --enable-libopencore-amrwb --enable-libopenjpeg --enable-libopus --enable-libshine --enable-libsnappy --enable-libsoxr --enable-libsrt --enable-libtheora --enable-libtwolame --enable-libvpx --enable-libwavpack --enable-libwebp --enable-libx264 --enable-libx265 --enable-libxml2 --enable-libzimg --enable-lzma --enable-zlib --enable-gmp --enable-libvidstab --enable-libvmaf --enable-libvorbis --enable-libvo-amrwbenc --enable-libmysofa --enable-libspeex --enable-libxvid --enable-libaom --enable-libgsm --enable-librav1e --disable-w32threads --enable-libmfx --enable-ffnvcodec --enable-cuda-llvm --enable-cuvid --enable-d3d11va --enable-nvenc --enable-nvdec --enable-dxva2 --enable-avisynth --enable-libopenmpt --enable-amf
  libavcodec     58. 99.100 / 58. 99.100
  libavformat    58. 49.100 / 58. 49.100
  libavdevice    58. 11.101 / 58. 11.101
  libavfilter     7. 87.100 /  7. 87.100
  libswscale      5.  8.100 /  5.  8.100
  libswresample   3.  8.100 /  3.  8.100
  libavutil      56. 58.100 / 56. 58.100
  libpostproc    55.  8.100 / 55.  8.100
ffmpeg version git-2020-08-06-2c35797 Copyright (c) 2000-2020 the FFmpeg developers
Input #0, avi, from '190507.avi':
  Metadata:
    Stream #0:0: Video: utvideo (ULH0 / 0x30484C55), yuv420p(bt709/unknown/unknown), 1920x1080, 224630 kb/s, 30 fps, 30 tbr, 30 tbn, 30 tbc
  Duration: 00:01:00.00, start: 0.000000, bitrate: 224512 kb/s
    encoder         : Lavf58.49.100
Stream mapping:
  Stream #0:0 -> #0:0 (utvideo (native) -> hevc (hevc_nvenc))
Press [q] to stop, [?] for help
Incompatible pixel format 'yuv420p10le' for codec 'hevc_nvenc', auto-selecting format 'p010le'
Output #0, mp4, to 'output.mp4':
  Metadata:
    encoder         : Lavf58.49.100
    Metadata:
    Side data:
    Stream #0:0: Video: hevc (hevc_nvenc) (Main 10) (hev1 / 0x31766568), p010le(tv, bt709), 1920x1080, q=-1--1, 2000 kb/s, 30 fps, 15360 tbn, 30 tbc
      encoder         : Lavc58.99.100 hevc_nvenc
      cpb: bitrate max/min/avg: 0/0/2000000 buffer size: 4000000 vbv_delay: N/A
[mp4 @ 000002972860b680] Starting second pass: moving the moov atom to the beginning of the file
frame= 1800 fps=130 q=21.0 Lsize=   99212kB time=00:00:59.86 bitrate=13576.0kbits/s speed=4.32x    
video:99196kB audio:0kB subtitle:0kB other streams:0kB global headers:0kB muxing overhead: 0.016433%
DEBUG ExitCode: 0
DEBUG Invoke-Process
File: ffmpeg
Arg: -y -nostats -i output.mp4 -i 190507.avi -filter_complex libvmaf=vmaf_v0.6.1.pkl -an -f null -
ArgList:

ffmpeg version git-2020-08-06-2c35797 Copyright (c) 2000-2020 the FFmpeg developers
  built with gcc 10.2.1 (GCC) 20200805
  configuration: --disable-static --enable-shared --enable-gpl --enable-version3 --enable-sdl2 --enable-fontconfig --enable-gnutls --enable-iconv --enable-libass --enable-libdav1d --enable-libbluray --enable-libfreetype --enable-libmp3lame --enable-libopencore-amrnb --enable-libopencore-amrwb --enable-libopenjpeg --enable-libopus --enable-libshine --enable-libsnappy --enable-libsoxr --enable-libsrt --enable-libtheora --enable-libtwolame --enable-libvpx --enable-libwavpack --enable-libwebp --enable-libx264 --enable-libx265 --enable-libxml2 --enable-libzimg --enable-lzma --enable-zlib --enable-gmp --enable-libvidstab --enable-libvmaf --enable-libvorbis --enable-libvo-amrwbenc --enable-libmysofa --enable-libspeex --enable-libxvid --enable-libaom --enable-libgsm --enable-librav1e --disable-w32threads --enable-libmfx --enable-ffnvcodec --enable-cuda-llvm --enable-cuvid --enable-d3d11va --enable-nvenc --enable-nvdec --enable-dxva2 --enable-avisynth --enable-libopenmpt --enable-amf
  libavformat    58. 49.100 / 58. 49.100
  libavdevice    58. 11.101 / 58. 11.101
  libavutil      56. 58.100 / 56. 58.100
  libavfilter     7. 87.100 /  7. 87.100
  libavcodec     58. 99.100 / 58. 99.100
  libswscale      5.  8.100 /  5.  8.100
  libpostproc    55.  8.100 / 55.  8.100
  libswresample   3.  8.100 /  3.  8.100
Input #0, mov,mp4,m4a,3gp,3g2,mj2, from 'output.mp4':
    major_brand     : isom
  Metadata:
    minor_version   : 512
    compatible_brands: isomiso2mp41
    encoder         : Lavf58.49.100
  Duration: 00:01:00.00, start: 0.000000, bitrate: 13545 kb/s
    Stream #0:0(und): Video: hevc (Main 10) (hev1 / 0x31766568), yuv420p10le(tv, bt709, progressive), 1920x1080 [SAR 1:1 DAR 16:9], 13543 kb/s, 30 fps, 30 tbr, 15360 tbn, 30 tbc (default)
    Metadata:
      handler_name    : VideoHandler
Input #1, avi, from '190507.avi':
  Metadata:
    encoder         : Lavf58.49.100
  Duration: 00:01:00.00, start: 0.000000, bitrate: 224512 kb/s
    Stream #1:0: Video: utvideo (ULH0 / 0x30484C55), yuv420p(bt709/unknown/unknown), 1920x1080, 224630 kb/s, 30 fps, 30 tbr, 30 tbn, 30 tbc
Stream mapping:
  Stream #0:0 (hevc) -> libvmaf:main
Press [q] to stop, [?] for help
  libvmaf -> Stream #0:0 (wrapped_avframe)
  Stream #1:0 (utvideo) -> libvmaf:reference
Output #0, null, to 'pipe:':
    major_brand     : isom
    minor_version   : 512
    compatible_brands: isomiso2mp41
    encoder         : Lavf58.49.100
    Metadata:
      encoder         : Lavc58.99.100 wrapped_avframe
    Stream #0:0: Video: wrapped_avframe, yuv420p10le, 1920x1080 [SAR 1:1 DAR 16:9], q=2-31, 200 kb/s, 30 fps, 30 tbn, 30 tbc (default)
  Metadata:
frame= 1800 fps= 26 q=-0.0 Lsize=N/A time=00:01:00.00 bitrate=N/A speed=0.867x    
video:942kB audio:0kB subtitle:0kB other streams:0kB global headers:0kB muxing overhead: unknown
[libvmaf @ 0000024050f335c0] VMAF score: 96.672927
DEBUG ExitCode: 0
96.89MB
DEBUG Invoke-Process
File: ffmpeg
Arg: -y -nostats -analyzeduration 30M -probesize 100M -fflags +discardcorrupt -i 190507.avi -an -c:v hevc_nvenc -preset:v p7 -profile:v main10 -rc:v constqp -rc-lookahead 0 -spatial-aq 0 -temporal-aq 0 -weighted_pred 0 -init_qpI 22 -init_qpP 22 -init_qpB 22 -b_ref_mode 1 -dpb_size 4 -multipass 2 -g 350 -bf 3 -pix_fmt yuv420p10le -color_range tv -color_primaries bt709 -color_trc bt709 -colorspace bt709 -movflags +faststart output.mp4
ArgList:

built with gcc 10.2.1 (GCC) 20200805
  configuration: --disable-static --enable-shared --enable-gpl --enable-version3 --enable-sdl2 --enable-fontconfig --enable-gnutls --enable-iconv --enable-libass --enable-libdav1d --enable-libbluray --enable-libfreetype --enable-libmp3lame --enable-libopencore-amrnb --enable-libopencore-amrwb --enable-libopenjpeg --enable-libopus --enable-libshine --enable-libsnappy --enable-libsoxr --enable-libsrt --enable-libtheora --enable-libtwolame --enable-libvpx --enable-libwavpack --enable-libwebp --enable-libx264 --enable-libx265 --enable-libxml2 --enable-libzimg --enable-lzma --enable-zlib --enable-gmp --enable-libvidstab --enable-libvmaf --enable-libvorbis --enable-libvo-amrwbenc --enable-libmysofa --enable-libspeex --enable-libxvid --enable-libaom --enable-libgsm --enable-librav1e --disable-w32threads --enable-libmfx --enable-ffnvcodec --enable-cuda-llvm --enable-cuvid --enable-d3d11va --enable-nvenc --enable-nvdec --enable-dxva2 --enable-avisynth --enable-libopenmpt --enable-amf
  libavutil      56. 58.100 / 56. 58.100
  libavdevice    58. 11.101 / 58. 11.101
  libavformat    58. 49.100 / 58. 49.100
  libavcodec     58. 99.100 / 58. 99.100
  libswscale      5.  8.100 /  5.  8.100
  libpostproc    55.  8.100 / 55.  8.100
  libswresample   3.  8.100 /  3.  8.100
  libavfilter     7. 87.100 /  7. 87.100
ffmpeg version git-2020-08-06-2c35797 Copyright (c) 2000-2020 the FFmpeg developers
Input #0, avi, from '190507.avi':
    encoder         : Lavf58.49.100
    Stream #0:0: Video: utvideo (ULH0 / 0x30484C55), yuv420p(bt709/unknown/unknown), 1920x1080, 224630 kb/s, 30 fps, 30 tbr, 30 tbn, 30 tbc
  Metadata:
  Duration: 00:01:00.00, start: 0.000000, bitrate: 224512 kb/s
Stream mapping:
  Stream #0:0 -> #0:0 (utvideo (native) -> hevc (hevc_nvenc))
Press [q] to stop, [?] for help
Incompatible pixel format 'yuv420p10le' for codec 'hevc_nvenc', auto-selecting format 'p010le'
Output #0, mp4, to 'output.mp4':
  Metadata:
    encoder         : Lavf58.49.100
    Stream #0:0: Video: hevc (hevc_nvenc) (Main 10) (hev1 / 0x31766568), p010le(tv, bt709), 1920x1080, q=-1--1, 2000 kb/s, 30 fps, 15360 tbn, 30 tbc
      encoder         : Lavc58.99.100 hevc_nvenc
    Side data:
      cpb: bitrate max/min/avg: 0/0/2000000 buffer size: 4000000 vbv_delay: N/A
    Metadata:
[mp4 @ 000002406db7b680] Starting second pass: moving the moov atom to the beginning of the file
frame= 1800 fps=129 q=21.0 Lsize=   99448kB time=00:00:59.86 bitrate=13608.1kbits/s speed=4.28x    
video:99431kB audio:0kB subtitle:0kB other streams:0kB global headers:0kB muxing overhead: 0.016429%
DEBUG ExitCode: 0
DEBUG Invoke-Process
File: ffmpeg
Arg: -y -nostats -i output.mp4 -i 190507.avi -filter_complex libvmaf=vmaf_v0.6.1.pkl -an -f null -
ArgList:

ffmpeg version git-2020-08-06-2c35797 Copyright (c) 2000-2020 the FFmpeg developers
  built with gcc 10.2.1 (GCC) 20200805
  configuration: --disable-static --enable-shared --enable-gpl --enable-version3 --enable-sdl2 --enable-fontconfig --enable-gnutls --enable-iconv --enable-libass --enable-libdav1d --enable-libbluray --enable-libfreetype --enable-libmp3lame --enable-libopencore-amrnb --enable-libopencore-amrwb --enable-libopenjpeg --enable-libopus --enable-libshine --enable-libsnappy --enable-libsoxr --enable-libsrt --enable-libtheora --enable-libtwolame --enable-libvpx --enable-libwavpack --enable-libwebp --enable-libx264 --enable-libx265 --enable-libxml2 --enable-libzimg --enable-lzma --enable-zlib --enable-gmp --enable-libvidstab --enable-libvmaf --enable-libvorbis --enable-libvo-amrwbenc --enable-libmysofa --enable-libspeex --enable-libxvid --enable-libaom --enable-libgsm --enable-librav1e --disable-w32threads --enable-libmfx --enable-ffnvcodec --enable-cuda-llvm --enable-cuvid --enable-d3d11va --enable-nvenc --enable-nvdec --enable-dxva2 --enable-avisynth --enable-libopenmpt --enable-amf
  libavutil      56. 58.100 / 56. 58.100
  libavformat    58. 49.100 / 58. 49.100
  libavcodec     58. 99.100 / 58. 99.100
  libavdevice    58. 11.101 / 58. 11.101
  libavfilter     7. 87.100 /  7. 87.100
  libswscale      5.  8.100 /  5.  8.100
  libswresample   3.  8.100 /  3.  8.100
  libpostproc    55.  8.100 / 55.  8.100
Input #0, mov,mp4,m4a,3gp,3g2,mj2, from 'output.mp4':
  Metadata:
    major_brand     : isom
    minor_version   : 512
    compatible_brands: isomiso2mp41
    encoder         : Lavf58.49.100
  Duration: 00:01:00.00, start: 0.000000, bitrate: 13577 kb/s
    Stream #0:0(und): Video: hevc (Main 10) (hev1 / 0x31766568), yuv420p10le(tv, bt709, progressive), 1920x1080 [SAR 1:1 DAR 16:9], 13575 kb/s, 30 fps, 30 tbr, 15360 tbn, 30 tbc (default)
    Metadata:
      handler_name    : VideoHandler
  Metadata:
Input #1, avi, from '190507.avi':
    encoder         : Lavf58.49.100
    Stream #1:0: Video: utvideo (ULH0 / 0x30484C55), yuv420p(bt709/unknown/unknown), 1920x1080, 224630 kb/s, 30 fps, 30 tbr, 30 tbn, 30 tbc
  Duration: 00:01:00.00, start: 0.000000, bitrate: 224512 kb/s
Stream mapping:
  Stream #0:0 (hevc) -> libvmaf:main
  libvmaf -> Stream #0:0 (wrapped_avframe)
  Stream #1:0 (utvideo) -> libvmaf:reference
Press [q] to stop, [?] for help
Output #0, null, to 'pipe:':
  Metadata:
    major_brand     : isom
    minor_version   : 512
    Stream #0:0: Video: wrapped_avframe, yuv420p10le, 1920x1080 [SAR 1:1 DAR 16:9], q=2-31, 200 kb/s, 30 fps, 30 tbn, 30 tbc (default)
    Metadata:
      encoder         : Lavc58.99.100 wrapped_avframe
    compatible_brands: isomiso2mp41
    encoder         : Lavf58.49.100
frame= 1800 fps= 27 q=-0.0 Lsize=N/A time=00:01:00.00 bitrate=N/A speed=0.888x    
video:942kB audio:0kB subtitle:0kB other streams:0kB global headers:0kB muxing overhead: unknown
[libvmaf @ 000002054be45c80] VMAF score: 96.692553
DEBUG ExitCode: 0
97.12MB
DEBUG Invoke-Process
File: ffmpeg
Arg: -y -nostats -analyzeduration 30M -probesize 100M -fflags +discardcorrupt -i 190507.avi -an -c:v hevc_nvenc -preset:v p7 -profile:v main10 -rc:v constqp -rc-lookahead 0 -spatial-aq 0 -temporal-aq 0 -weighted_pred 0 -init_qpI 22 -init_qpP 22 -init_qpB 22 -b_ref_mode 1 -dpb_size 4 -multipass 2 -g 400 -bf 3 -pix_fmt yuv420p10le -color_range tv -color_primaries bt709 -color_trc bt709 -colorspace bt709 -movflags +faststart output.mp4
ArgList:

ffmpeg version git-2020-08-06-2c35797 Copyright (c) 2000-2020 the FFmpeg developers
  built with gcc 10.2.1 (GCC) 20200805
  configuration: --disable-static --enable-shared --enable-gpl --enable-version3 --enable-sdl2 --enable-fontconfig --enable-gnutls --enable-iconv --enable-libass --enable-libdav1d --enable-libbluray --enable-libfreetype --enable-libmp3lame --enable-libopencore-amrnb --enable-libopencore-amrwb --enable-libopenjpeg --enable-libopus --enable-libshine --enable-libsnappy --enable-libsoxr --enable-libsrt --enable-libtheora --enable-libtwolame --enable-libvpx --enable-libwavpack --enable-libwebp --enable-libx264 --enable-libx265 --enable-libxml2 --enable-libzimg --enable-lzma --enable-zlib --enable-gmp --enable-libvidstab --enable-libvmaf --enable-libvorbis --enable-libvo-amrwbenc --enable-libmysofa --enable-libspeex --enable-libxvid --enable-libaom --enable-libgsm --enable-librav1e --disable-w32threads --enable-libmfx --enable-ffnvcodec --enable-cuda-llvm --enable-cuvid --enable-d3d11va --enable-nvenc --enable-nvdec --enable-dxva2 --enable-avisynth --enable-libopenmpt --enable-amf
  libavutil      56. 58.100 / 56. 58.100
  libavcodec     58. 99.100 / 58. 99.100
  libavformat    58. 49.100 / 58. 49.100
  libavdevice    58. 11.101 / 58. 11.101
  libavfilter     7. 87.100 /  7. 87.100
  libswscale      5.  8.100 /  5.  8.100
  libswresample   3.  8.100 /  3.  8.100
  libpostproc    55.  8.100 / 55.  8.100
Input #0, avi, from '190507.avi':
    encoder         : Lavf58.49.100
  Metadata:
  Duration: 00:01:00.00, start: 0.000000, bitrate: 224512 kb/s
    Stream #0:0: Video: utvideo (ULH0 / 0x30484C55), yuv420p(bt709/unknown/unknown), 1920x1080, 224630 kb/s, 30 fps, 30 tbr, 30 tbn, 30 tbc
Stream mapping:
  Stream #0:0 -> #0:0 (utvideo (native) -> hevc (hevc_nvenc))
Press [q] to stop, [?] for help
Incompatible pixel format 'yuv420p10le' for codec 'hevc_nvenc', auto-selecting format 'p010le'
  Metadata:
Output #0, mp4, to 'output.mp4':
    encoder         : Lavf58.49.100
    Metadata:
    Stream #0:0: Video: hevc (hevc_nvenc) (Main 10) (hev1 / 0x31766568), p010le(tv, bt709), 1920x1080, q=-1--1, 2000 kb/s, 30 fps, 15360 tbn, 30 tbc
      encoder         : Lavc58.99.100 hevc_nvenc
    Side data:
      cpb: bitrate max/min/avg: 0/0/2000000 buffer size: 4000000 vbv_delay: N/A
[mp4 @ 0000019a8e6bb680] Starting second pass: moving the moov atom to the beginning of the file
frame= 1800 fps=130 q=21.0 Lsize=   99139kB time=00:00:59.86 bitrate=13565.9kbits/s speed=4.31x    
video:99122kB audio:0kB subtitle:0kB other streams:0kB global headers:0kB muxing overhead: 0.016552%
DEBUG ExitCode: 0
DEBUG Invoke-Process
File: ffmpeg
Arg: -y -nostats -i output.mp4 -i 190507.avi -filter_complex libvmaf=vmaf_v0.6.1.pkl -an -f null -
ArgList:

built with gcc 10.2.1 (GCC) 20200805
ffmpeg version git-2020-08-06-2c35797 Copyright (c) 2000-2020 the FFmpeg developers
  configuration: --disable-static --enable-shared --enable-gpl --enable-version3 --enable-sdl2 --enable-fontconfig --enable-gnutls --enable-iconv --enable-libass --enable-libdav1d --enable-libbluray --enable-libfreetype --enable-libmp3lame --enable-libopencore-amrnb --enable-libopencore-amrwb --enable-libopenjpeg --enable-libopus --enable-libshine --enable-libsnappy --enable-libsoxr --enable-libsrt --enable-libtheora --enable-libtwolame --enable-libvpx --enable-libwavpack --enable-libwebp --enable-libx264 --enable-libx265 --enable-libxml2 --enable-libzimg --enable-lzma --enable-zlib --enable-gmp --enable-libvidstab --enable-libvmaf --enable-libvorbis --enable-libvo-amrwbenc --enable-libmysofa --enable-libspeex --enable-libxvid --enable-libaom --enable-libgsm --enable-librav1e --disable-w32threads --enable-libmfx --enable-ffnvcodec --enable-cuda-llvm --enable-cuvid --enable-d3d11va --enable-nvenc --enable-nvdec --enable-dxva2 --enable-avisynth --enable-libopenmpt --enable-amf
  libavutil      56. 58.100 / 56. 58.100
  libavformat    58. 49.100 / 58. 49.100
  libavcodec     58. 99.100 / 58. 99.100
  libavdevice    58. 11.101 / 58. 11.101
  libavfilter     7. 87.100 /  7. 87.100
  libswscale      5.  8.100 /  5.  8.100
  libswresample   3.  8.100 /  3.  8.100
  libpostproc    55.  8.100 / 55.  8.100
Input #0, mov,mp4,m4a,3gp,3g2,mj2, from 'output.mp4':
  Metadata:
    minor_version   : 512
    compatible_brands: isomiso2mp41
    encoder         : Lavf58.49.100
    major_brand     : isom
  Duration: 00:01:00.00, start: 0.000000, bitrate: 13535 kb/s
    Stream #0:0(und): Video: hevc (Main 10) (hev1 / 0x31766568), yuv420p10le(tv, bt709, progressive), 1920x1080 [SAR 1:1 DAR 16:9], 13533 kb/s, 30 fps, 30 tbr, 15360 tbn, 30 tbc (default)
    Metadata:
      handler_name    : VideoHandler
Input #1, avi, from '190507.avi':
  Metadata:
  Duration: 00:01:00.00, start: 0.000000, bitrate: 224512 kb/s
    Stream #1:0: Video: utvideo (ULH0 / 0x30484C55), yuv420p(bt709/unknown/unknown), 1920x1080, 224630 kb/s, 30 fps, 30 tbr, 30 tbn, 30 tbc
    encoder         : Lavf58.49.100
Stream mapping:
  Stream #0:0 (hevc) -> libvmaf:main
  libvmaf -> Stream #0:0 (wrapped_avframe)
  Stream #1:0 (utvideo) -> libvmaf:reference
Press [q] to stop, [?] for help
Output #0, null, to 'pipe:':
    compatible_brands: isomiso2mp41
    encoder         : Lavf58.49.100
    minor_version   : 512
    Stream #0:0: Video: wrapped_avframe, yuv420p10le, 1920x1080 [SAR 1:1 DAR 16:9], q=2-31, 200 kb/s, 30 fps, 30 tbn, 30 tbc (default)
    Metadata:
      encoder         : Lavc58.99.100 wrapped_avframe
  Metadata:
    major_brand     : isom
frame= 1800 fps= 28 q=-0.0 Lsize=N/A time=00:01:00.00 bitrate=N/A speed=0.925x    
video:942kB audio:0kB subtitle:0kB other streams:0kB global headers:0kB muxing overhead: unknown
[libvmaf @ 000001742ebf87c0] VMAF score: 96.654868
DEBUG ExitCode: 0
96.82MB
DEBUG Invoke-Process
File: ffmpeg
Arg: -y -nostats -analyzeduration 30M -probesize 100M -fflags +discardcorrupt -i 190507.avi -an -c:v hevc_nvenc -preset:v p7 -profile:v main10 -rc:v constqp -rc-lookahead 0 -spatial-aq 0 -temporal-aq 0 -weighted_pred 0 -init_qpI 22 -init_qpP 22 -init_qpB 22 -b_ref_mode 1 -dpb_size 4 -multipass 2 -g 450 -bf 3 -pix_fmt yuv420p10le -color_range tv -color_primaries bt709 -color_trc bt709 -colorspace bt709 -movflags +faststart output.mp4
ArgList:

ffmpeg version git-2020-08-06-2c35797 Copyright (c) 2000-2020 the FFmpeg developers
  built with gcc 10.2.1 (GCC) 20200805
  configuration: --disable-static --enable-shared --enable-gpl --enable-version3 --enable-sdl2 --enable-fontconfig --enable-gnutls --enable-iconv --enable-libass --enable-libdav1d --enable-libbluray --enable-libfreetype --enable-libmp3lame --enable-libopencore-amrnb --enable-libopencore-amrwb --enable-libopenjpeg --enable-libopus --enable-libshine --enable-libsnappy --enable-libsoxr --enable-libsrt --enable-libtheora --enable-libtwolame --enable-libvpx --enable-libwavpack --enable-libwebp --enable-libx264 --enable-libx265 --enable-libxml2 --enable-libzimg --enable-lzma --enable-zlib --enable-gmp --enable-libvidstab --enable-libvmaf --enable-libvorbis --enable-libvo-amrwbenc --enable-libmysofa --enable-libspeex --enable-libxvid --enable-libaom --enable-libgsm --enable-librav1e --disable-w32threads --enable-libmfx --enable-ffnvcodec --enable-cuda-llvm --enable-cuvid --enable-d3d11va --enable-nvenc --enable-nvdec --enable-dxva2 --enable-avisynth --enable-libopenmpt --enable-amf
  libavutil      56. 58.100 / 56. 58.100
  libavcodec     58. 99.100 / 58. 99.100
