**********************
PowerShell transcript start
Start time: 20200808164432
**********************
Transcript started, output file is ./logs/hevcnvenc_qp.log
DEBUG Invoke-Process
File: ffmpeg
Arg: -y -nostats -analyzeduration 30M -probesize 100M -fflags +discardcorrupt -i input.mp4 -an -c:v hevc_nvenc -preset:v p7 -profile:v main10 -rc:v constqp -rc-lookahead 0 -spatial-aq 0 -temporal-aq 0 -weighted_pred 0 -qp 21 -b_ref_mode 1 -dpb_size 4 -multipass 2 -g 350 -bf 3 -pix_fmt yuv420p10le -color_range tv -color_primaries bt709 -color_trc bt709 -colorspace bt709 -movflags +faststart output.mp4
ArgList:

ffmpeg version git-2020-08-06-2c35797 Copyright (c) 2000-2020 the FFmpeg developers
  built with gcc 10.2.1 (GCC) 20200805
  configuration: --disable-static --enable-shared --enable-gpl --enable-version3 --enable-sdl2 --enable-fontconfig --enable-gnutls --enable-iconv --enable-libass --enable-libdav1d --enable-libbluray --enable-libfreetype --enable-libmp3lame --enable-libopencore-amrnb --enable-libopencore-amrwb --enable-libopenjpeg --enable-libopus --enable-libshine --enable-libsnappy --enable-libsoxr --enable-libsrt --enable-libtheora --enable-libtwolame --enable-libvpx --enable-libwavpack --enable-libwebp --enable-libx264 --enable-libx265 --enable-libxml2 --enable-libzimg --enable-lzma --enable-zlib --enable-gmp --enable-libvidstab --enable-libvmaf --enable-libvorbis --enable-libvo-amrwbenc --enable-libmysofa --enable-libspeex --enable-libxvid --enable-libaom --enable-libgsm --enable-librav1e --disable-w32threads --enable-libmfx --enable-ffnvcodec --enable-cuda-llvm --enable-cuvid --enable-d3d11va --enable-nvenc --enable-nvdec --enable-dxva2 --enable-avisynth --enable-libopenmpt --enable-amf
  libavutil      56. 58.100 / 56. 58.100
  libavdevice    58. 11.101 / 58. 11.101
  libavfilter     7. 87.100 /  7. 87.100
  libavcodec     58. 99.100 / 58. 99.100
  libavformat    58. 49.100 / 58. 49.100
  libswresample   3.  8.100 /  3.  8.100
  libpostproc    55.  8.100 / 55.  8.100
  libswscale      5.  8.100 /  5.  8.100
Input #0, mov,mp4,m4a,3gp,3g2,mj2, from 'input.mp4':
  Metadata:
    major_brand     : isom
    compatible_brands: isomiso2mp41
    minor_version   : 512
    encoder         : Lavf58.45.100
  Duration: 00:01:30.02, start: 0.000000, bitrate: 181885 kb/s
    Stream #0:0(und): Video: hevc (Main) (hev1 / 0x31766568), yuv420p(tv, bt709, progressive), 1920x1080 [SAR 1:1 DAR 16:9], 181884 kb/s, 29.97 fps, 29.97 tbr, 30k tbn, 29.97 tbc (default)
    Metadata:
      handler_name    : VideoHandler
Stream mapping:
Press [q] to stop, [?] for help
  Stream #0:0 -> #0:0 (hevc (native) -> hevc (hevc_nvenc))
Incompatible pixel format 'yuv420p10le' for codec 'hevc_nvenc', auto-selecting format 'p010le'
Output #0, mp4, to 'output.mp4':
  Metadata:
    minor_version   : 512
    major_brand     : isom
    compatible_brands: isomiso2mp41
    encoder         : Lavf58.49.100
    Metadata:
    Stream #0:0(und): Video: hevc (hevc_nvenc) (Main 10) (hev1 / 0x31766568), p010le(tv, bt709), 1920x1080 [SAR 1:1 DAR 16:9], q=-1--1, 2000 kb/s, 29.97 fps, 30k tbn, 29.97 tbc (default)
      handler_name    : VideoHandler
      encoder         : Lavc58.99.100 hevc_nvenc
    Side data:
      cpb: bitrate max/min/avg: 0/0/2000000 buffer size: 4000000 vbv_delay: N/A
[mp4 @ 000001d19664f000] Starting second pass: moving the moov atom to the beginning of the file
frame= 2698 fps= 75 q=27.0 Lsize=   53353kB time=00:01:29.88 bitrate=4862.2kbits/s speed= 2.5x    
video:53330kB audio:0kB subtitle:0kB other streams:0kB global headers:0kB muxing overhead: 0.042853%
DEBUG ExitCode: 0
DEBUG Invoke-Process
File: ffmpeg
Arg: -y -nostats -i output.mp4 -i input.mp4 -filter_complex libvmaf=vmaf_v0.6.1.pkl -an -f null -
ArgList:

ffmpeg version git-2020-08-06-2c35797 Copyright (c) 2000-2020 the FFmpeg developers
  built with gcc 10.2.1 (GCC) 20200805
  configuration: --disable-static --enable-shared --enable-gpl --enable-version3 --enable-sdl2 --enable-fontconfig --enable-gnutls --enable-iconv --enable-libass --enable-libdav1d --enable-libbluray --enable-libfreetype --enable-libmp3lame --enable-libopencore-amrnb --enable-libopencore-amrwb --enable-libopenjpeg --enable-libopus --enable-libshine --enable-libsnappy --enable-libsoxr --enable-libsrt --enable-libtheora --enable-libtwolame --enable-libvpx --enable-libwavpack --enable-libwebp --enable-libx264 --enable-libx265 --enable-libxml2 --enable-libzimg --enable-lzma --enable-zlib --enable-gmp --enable-libvidstab --enable-libvmaf --enable-libvorbis --enable-libvo-amrwbenc --enable-libmysofa --enable-libspeex --enable-libxvid --enable-libaom --enable-libgsm --enable-librav1e --disable-w32threads --enable-libmfx --enable-ffnvcodec --enable-cuda-llvm --enable-cuvid --enable-d3d11va --enable-nvenc --enable-nvdec --enable-dxva2 --enable-avisynth --enable-libopenmpt --enable-amf
  libavformat    58. 49.100 / 58. 49.100
  libavcodec     58. 99.100 / 58. 99.100
  libavutil      56. 58.100 / 56. 58.100
  libavdevice    58. 11.101 / 58. 11.101
  libswscale      5.  8.100 /  5.  8.100
  libswresample   3.  8.100 /  3.  8.100
  libavfilter     7. 87.100 /  7. 87.100
  libpostproc    55.  8.100 / 55.  8.100
Input #0, mov,mp4,m4a,3gp,3g2,mj2, from 'output.mp4':
  Metadata:
    major_brand     : isom
    compatible_brands: isomiso2mp41
    encoder         : Lavf58.49.100
    minor_version   : 512
  Duration: 00:01:30.02, start: 0.000000, bitrate: 4854 kb/s
    Stream #0:0(und): Video: hevc (Main 10) (hev1 / 0x31766568), yuv420p10le(tv, bt709, progressive), 1920x1080 [SAR 1:1 DAR 16:9], 4852 kb/s, 29.97 fps, 29.97 tbr, 30k tbn, 29.97 tbc (default)
    Metadata:
      handler_name    : VideoHandler
Input #1, mov,mp4,m4a,3gp,3g2,mj2, from 'input.mp4':
  Metadata:
    major_brand     : isom
    compatible_brands: isomiso2mp41
    minor_version   : 512
    encoder         : Lavf58.45.100
  Duration: 00:01:30.02, start: 0.000000, bitrate: 181885 kb/s
    Metadata:
    Stream #1:0(und): Video: hevc (Main) (hev1 / 0x31766568), yuv420p(tv, bt709, progressive), 1920x1080 [SAR 1:1 DAR 16:9], 181884 kb/s, 29.97 fps, 29.97 tbr, 30k tbn, 29.97 tbc (default)
      handler_name    : VideoHandler
Stream mapping:
  Stream #1:0 (hevc) -> libvmaf:reference
  Stream #0:0 (hevc) -> libvmaf:main
  libvmaf -> Stream #0:0 (wrapped_avframe)
Press [q] to stop, [?] for help
Output #0, null, to 'pipe:':
  Metadata:
    minor_version   : 512
    compatible_brands: isomiso2mp41
    major_brand     : isom
    Metadata:
    Stream #0:0: Video: wrapped_avframe, yuv420p10le, 1920x1080 [SAR 1:1 DAR 16:9], q=2-31, 200 kb/s, 29.97 fps, 29.97 tbn, 29.97 tbc (default)
    encoder         : Lavf58.49.100
      encoder         : Lavc58.99.100 wrapped_avframe
frame= 2698 fps= 27 q=-0.0 Lsize=N/A time=00:01:30.02 bitrate=N/A speed=0.904x    
video:1412kB audio:0kB subtitle:0kB other streams:0kB global headers:0kB muxing overhead: unknown
[libvmaf @ 00000202ae933440] VMAF score: 95.467574
DEBUG ExitCode: 0
52.1MB
DEBUG Invoke-Process
File: ffmpeg
Arg: -y -nostats -analyzeduration 30M -probesize 100M -fflags +discardcorrupt -i input.mp4 -an -c:v hevc_nvenc -preset:v p7 -profile:v main10 -rc:v constqp -rc-lookahead 0 -spatial-aq 0 -temporal-aq 0 -weighted_pred 0 -qp 20 -b_ref_mode 1 -dpb_size 4 -multipass 2 -g 350 -bf 3 -pix_fmt yuv420p10le -color_range tv -color_primaries bt709 -color_trc bt709 -colorspace bt709 -movflags +faststart output.mp4
ArgList:

ffmpeg version git-2020-08-06-2c35797 Copyright (c) 2000-2020 the FFmpeg developers
  built with gcc 10.2.1 (GCC) 20200805
  configuration: --disable-static --enable-shared --enable-gpl --enable-version3 --enable-sdl2 --enable-fontconfig --enable-gnutls --enable-iconv --enable-libass --enable-libdav1d --enable-libbluray --enable-libfreetype --enable-libmp3lame --enable-libopencore-amrnb --enable-libopencore-amrwb --enable-libopenjpeg --enable-libopus --enable-libshine --enable-libsnappy --enable-libsoxr --enable-libsrt --enable-libtheora --enable-libtwolame --enable-libvpx --enable-libwavpack --enable-libwebp --enable-libx264 --enable-libx265 --enable-libxml2 --enable-libzimg --enable-lzma --enable-zlib --enable-gmp --enable-libvidstab --enable-libvmaf --enable-libvorbis --enable-libvo-amrwbenc --enable-libmysofa --enable-libspeex --enable-libxvid --enable-libaom --enable-libgsm --enable-librav1e --disable-w32threads --enable-libmfx --enable-ffnvcodec --enable-cuda-llvm --enable-cuvid --enable-d3d11va --enable-nvenc --enable-nvdec --enable-dxva2 --enable-avisynth --enable-libopenmpt --enable-amf
  libavformat    58. 49.100 / 58. 49.100
  libavdevice    58. 11.101 / 58. 11.101
  libavfilter     7. 87.100 /  7. 87.100
  libavutil      56. 58.100 / 56. 58.100
  libswscale      5.  8.100 /  5.  8.100
  libswresample   3.  8.100 /  3.  8.100
  libpostproc    55.  8.100 / 55.  8.100
  libavcodec     58. 99.100 / 58. 99.100
Input #0, mov,mp4,m4a,3gp,3g2,mj2, from 'input.mp4':
  Metadata:
    encoder         : Lavf58.45.100
    minor_version   : 512
    compatible_brands: isomiso2mp41
  Duration: 00:01:30.02, start: 0.000000, bitrate: 181885 kb/s
    Metadata:
    Stream #0:0(und): Video: hevc (Main) (hev1 / 0x31766568), yuv420p(tv, bt709, progressive), 1920x1080 [SAR 1:1 DAR 16:9], 181884 kb/s, 29.97 fps, 29.97 tbr, 30k tbn, 29.97 tbc (default)
      handler_name    : VideoHandler
    major_brand     : isom
Stream mapping:
Press [q] to stop, [?] for help
  Stream #0:0 -> #0:0 (hevc (native) -> hevc (hevc_nvenc))
Incompatible pixel format 'yuv420p10le' for codec 'hevc_nvenc', auto-selecting format 'p010le'
Output #0, mp4, to 'output.mp4':
  Metadata:
    major_brand     : isom
    compatible_brands: isomiso2mp41
    encoder         : Lavf58.49.100
    Stream #0:0(und): Video: hevc (hevc_nvenc) (Main 10) (hev1 / 0x31766568), p010le(tv, bt709), 1920x1080 [SAR 1:1 DAR 16:9], q=-1--1, 2000 kb/s, 29.97 fps, 30k tbn, 29.97 tbc (default)
    Metadata:
      handler_name    : VideoHandler
    minor_version   : 512
      encoder         : Lavc58.99.100 hevc_nvenc
    Side data:
      cpb: bitrate max/min/avg: 0/0/2000000 buffer size: 4000000 vbv_delay: N/A
[mp4 @ 00000192e27cf000] Starting second pass: moving the moov atom to the beginning of the file
frame= 2698 fps= 75 q=25.0 Lsize=   65722kB time=00:01:29.88 bitrate=5989.5kbits/s speed=2.49x    
video:65699kB audio:0kB subtitle:0kB other streams:0kB global headers:0kB muxing overhead: 0.035017%
DEBUG ExitCode: 0
DEBUG Invoke-Process
File: ffmpeg
Arg: -y -nostats -i output.mp4 -i input.mp4 -filter_complex libvmaf=vmaf_v0.6.1.pkl -an -f null -
ArgList:

ffmpeg version git-2020-08-06-2c35797 Copyright (c) 2000-2020 the FFmpeg developers
  built with gcc 10.2.1 (GCC) 20200805
  configuration: --disable-static --enable-shared --enable-gpl --enable-version3 --enable-sdl2 --enable-fontconfig --enable-gnutls --enable-iconv --enable-libass --enable-libdav1d --enable-libbluray --enable-libfreetype --enable-libmp3lame --enable-libopencore-amrnb --enable-libopencore-amrwb --enable-libopenjpeg --enable-libopus --enable-libshine --enable-libsnappy --enable-libsoxr --enable-libsrt --enable-libtheora --enable-libtwolame --enable-libvpx --enable-libwavpack --enable-libwebp --enable-libx264 --enable-libx265 --enable-libxml2 --enable-libzimg --enable-lzma --enable-zlib --enable-gmp --enable-libvidstab --enable-libvmaf --enable-libvorbis --enable-libvo-amrwbenc --enable-libmysofa --enable-libspeex --enable-libxvid --enable-libaom --enable-libgsm --enable-librav1e --disable-w32threads --enable-libmfx --enable-ffnvcodec --enable-cuda-llvm --enable-cuvid --enable-d3d11va --enable-nvenc --enable-nvdec --enable-dxva2 --enable-avisynth --enable-libopenmpt --enable-amf
  libavcodec     58. 99.100 / 58. 99.100
  libavformat    58. 49.100 / 58. 49.100
  libavutil      56. 58.100 / 56. 58.100
  libavdevice    58. 11.101 / 58. 11.101
  libavfilter     7. 87.100 /  7. 87.100
  libswscale      5.  8.100 /  5.  8.100
  libpostproc    55.  8.100 / 55.  8.100
  libswresample   3.  8.100 /  3.  8.100
Input #0, mov,mp4,m4a,3gp,3g2,mj2, from 'output.mp4':
    major_brand     : isom
  Metadata:
    minor_version   : 512
    compatible_brands: isomiso2mp41
  Duration: 00:01:30.02, start: 0.000000, bitrate: 5980 kb/s
    encoder         : Lavf58.49.100
    Stream #0:0(und): Video: hevc (Main 10) (hev1 / 0x31766568), yuv420p10le(tv, bt709, progressive), 1920x1080 [SAR 1:1 DAR 16:9], 5978 kb/s, 29.97 fps, 29.97 tbr, 30k tbn, 29.97 tbc (default)
    Metadata:
      handler_name    : VideoHandler
Input #1, mov,mp4,m4a,3gp,3g2,mj2, from 'input.mp4':
  Metadata:
    compatible_brands: isomiso2mp41
    major_brand     : isom
    minor_version   : 512
    encoder         : Lavf58.45.100
  Duration: 00:01:30.02, start: 0.000000, bitrate: 181885 kb/s
    Stream #1:0(und): Video: hevc (Main) (hev1 / 0x31766568), yuv420p(tv, bt709, progressive), 1920x1080 [SAR 1:1 DAR 16:9], 181884 kb/s, 29.97 fps, 29.97 tbr, 30k tbn, 29.97 tbc (default)
    Metadata:
      handler_name    : VideoHandler
Stream mapping:
  Stream #1:0 (hevc) -> libvmaf:reference
  Stream #0:0 (hevc) -> libvmaf:main
Press [q] to stop, [?] for help
  libvmaf -> Stream #0:0 (wrapped_avframe)
  Metadata:
Output #0, null, to 'pipe:':
    major_brand     : isom
    encoder         : Lavf58.49.100
    compatible_brands: isomiso2mp41
    minor_version   : 512
    Stream #0:0: Video: wrapped_avframe, yuv420p10le, 1920x1080 [SAR 1:1 DAR 16:9], q=2-31, 200 kb/s, 29.97 fps, 29.97 tbn, 29.97 tbc (default)
    Metadata:
      encoder         : Lavc58.99.100 wrapped_avframe
frame= 2698 fps= 26 q=-0.0 Lsize=N/A time=00:01:30.02 bitrate=N/A speed=0.854x    
video:1412kB audio:0kB subtitle:0kB other streams:0kB global headers:0kB muxing overhead: unknown
[libvmaf @ 0000017aca99c780] VMAF score: 96.377675
DEBUG ExitCode: 0
64.18MB
DEBUG Invoke-Process
File: ffmpeg
Arg: -y -nostats -analyzeduration 30M -probesize 100M -fflags +discardcorrupt -i input.mp4 -an -c:v hevc_nvenc -preset:v p7 -profile:v main10 -rc:v constqp -rc-lookahead 0 -spatial-aq 0 -temporal-aq 0 -weighted_pred 0 -qp 19 -b_ref_mode 1 -dpb_size 4 -multipass 2 -g 350 -bf 3 -pix_fmt yuv420p10le -color_range tv -color_primaries bt709 -color_trc bt709 -colorspace bt709 -movflags +faststart output.mp4
ArgList:

ffmpeg version git-2020-08-06-2c35797 Copyright (c) 2000-2020 the FFmpeg developers
  built with gcc 10.2.1 (GCC) 20200805
  configuration: --disable-static --enable-shared --enable-gpl --enable-version3 --enable-sdl2 --enable-fontconfig --enable-gnutls --enable-iconv --enable-libass --enable-libdav1d --enable-libbluray --enable-libfreetype --enable-libmp3lame --enable-libopencore-amrnb --enable-libopencore-amrwb --enable-libopenjpeg --enable-libopus --enable-libshine --enable-libsnappy --enable-libsoxr --enable-libsrt --enable-libtheora --enable-libtwolame --enable-libvpx --enable-libwavpack --enable-libwebp --enable-libx264 --enable-libx265 --enable-libxml2 --enable-libzimg --enable-lzma --enable-zlib --enable-gmp --enable-libvidstab --enable-libvmaf --enable-libvorbis --enable-libvo-amrwbenc --enable-libmysofa --enable-libspeex --enable-libxvid --enable-libaom --enable-libgsm --enable-librav1e --disable-w32threads --enable-libmfx --enable-ffnvcodec --enable-cuda-llvm --enable-cuvid --enable-d3d11va --enable-nvenc --enable-nvdec --enable-dxva2 --enable-avisynth --enable-libopenmpt --enable-amf
  libavutil      56. 58.100 / 56. 58.100
  libavformat    58. 49.100 / 58. 49.100
  libavdevice    58. 11.101 / 58. 11.101
  libavfilter     7. 87.100 /  7. 87.100
  libswscale      5.  8.100 /  5.  8.100
  libswresample   3.  8.100 /  3.  8.100
  libpostproc    55.  8.100 / 55.  8.100
  libavcodec     58. 99.100 / 58. 99.100
Input #0, mov,mp4,m4a,3gp,3g2,mj2, from 'input.mp4':
    major_brand     : isom
  Metadata:
    encoder         : Lavf58.45.100
    compatible_brands: isomiso2mp41
  Duration: 00:01:30.02, start: 0.000000, bitrate: 181885 kb/s
    minor_version   : 512
    Stream #0:0(und): Video: hevc (Main) (hev1 / 0x31766568), yuv420p(tv, bt709, progressive), 1920x1080 [SAR 1:1 DAR 16:9], 181884 kb/s, 29.97 fps, 29.97 tbr, 30k tbn, 29.97 tbc (default)
    Metadata:
      handler_name    : VideoHandler
Stream mapping:
  Stream #0:0 -> #0:0 (hevc (native) -> hevc (hevc_nvenc))
Press [q] to stop, [?] for help
Incompatible pixel format 'yuv420p10le' for codec 'hevc_nvenc', auto-selecting format 'p010le'
Output #0, mp4, to 'output.mp4':
  Metadata:
    minor_version   : 512
    encoder         : Lavf58.49.100
    compatible_brands: isomiso2mp41
    major_brand     : isom
    Metadata:
    Stream #0:0(und): Video: hevc (hevc_nvenc) (Main 10) (hev1 / 0x31766568), p010le(tv, bt709), 1920x1080 [SAR 1:1 DAR 16:9], q=-1--1, 2000 kb/s, 29.97 fps, 30k tbn, 29.97 tbc (default)
      handler_name    : VideoHandler
      encoder         : Lavc58.99.100 hevc_nvenc
    Side data:
      cpb: bitrate max/min/avg: 0/0/2000000 buffer size: 4000000 vbv_delay: N/A
[mp4 @ 000001983932f000] Starting second pass: moving the moov atom to the beginning of the file
frame= 2698 fps= 70 q=24.0 Lsize=   77391kB time=00:01:29.88 bitrate=7052.9kbits/s speed=2.32x    
video:77368kB audio:0kB subtitle:0kB other streams:0kB global headers:0kB muxing overhead: 0.029993%
DEBUG ExitCode: 0
DEBUG Invoke-Process
File: ffmpeg
Arg: -y -nostats -i output.mp4 -i input.mp4 -filter_complex libvmaf=vmaf_v0.6.1.pkl -an -f null -
ArgList:

ffmpeg version git-2020-08-06-2c35797 Copyright (c) 2000-2020 the FFmpeg developers
  built with gcc 10.2.1 (GCC) 20200805
  configuration: --disable-static --enable-shared --enable-gpl --enable-version3 --enable-sdl2 --enable-fontconfig --enable-gnutls --enable-iconv --enable-libass --enable-libdav1d --enable-libbluray --enable-libfreetype --enable-libmp3lame --enable-libopencore-amrnb --enable-libopencore-amrwb --enable-libopenjpeg --enable-libopus --enable-libshine --enable-libsnappy --enable-libsoxr --enable-libsrt --enable-libtheora --enable-libtwolame --enable-libvpx --enable-libwavpack --enable-libwebp --enable-libx264 --enable-libx265 --enable-libxml2 --enable-libzimg --enable-lzma --enable-zlib --enable-gmp --enable-libvidstab --enable-libvmaf --enable-libvorbis --enable-libvo-amrwbenc --enable-libmysofa --enable-libspeex --enable-libxvid --enable-libaom --enable-libgsm --enable-librav1e --disable-w32threads --enable-libmfx --enable-ffnvcodec --enable-cuda-llvm --enable-cuvid --enable-d3d11va --enable-nvenc --enable-nvdec --enable-dxva2 --enable-avisynth --enable-libopenmpt --enable-amf
  libavcodec     58. 99.100 / 58. 99.100
  libavformat    58. 49.100 / 58. 49.100
  libavdevice    58. 11.101 / 58. 11.101
  libavfilter     7. 87.100 /  7. 87.100
  libswscale      5.  8.100 /  5.  8.100
  libswresample   3.  8.100 /  3.  8.100
  libpostproc    55.  8.100 / 55.  8.100
  libavutil      56. 58.100 / 56. 58.100
Input #0, mov,mp4,m4a,3gp,3g2,mj2, from 'output.mp4':
  Metadata:
    minor_version   : 512
    major_brand     : isom
    encoder         : Lavf58.49.100
    compatible_brands: isomiso2mp41
  Duration: 00:01:30.02, start: 0.000000, bitrate: 7042 kb/s
    Metadata:
    Stream #0:0(und): Video: hevc (Main 10) (hev1 / 0x31766568), yuv420p10le(tv, bt709, progressive), 1920x1080 [SAR 1:1 DAR 16:9], 7040 kb/s, 29.97 fps, 29.97 tbr, 30k tbn, 29.97 tbc (default)
      handler_name    : VideoHandler
Input #1, mov,mp4,m4a,3gp,3g2,mj2, from 'input.mp4':
  Metadata:
    major_brand     : isom
    minor_version   : 512
    encoder         : Lavf58.45.100
  Duration: 00:01:30.02, start: 0.000000, bitrate: 181885 kb/s
    compatible_brands: isomiso2mp41
    Stream #1:0(und): Video: hevc (Main) (hev1 / 0x31766568), yuv420p(tv, bt709, progressive), 1920x1080 [SAR 1:1 DAR 16:9], 181884 kb/s, 29.97 fps, 29.97 tbr, 30k tbn, 29.97 tbc (default)
    Metadata:
      handler_name    : VideoHandler
Stream mapping:
  Stream #1:0 (hevc) -> libvmaf:reference
  libvmaf -> Stream #0:0 (wrapped_avframe)
Press [q] to stop, [?] for help
  Stream #0:0 (hevc) -> libvmaf:main
Output #0, null, to 'pipe:':
  Metadata:
    major_brand     : isom
    minor_version   : 512
    encoder         : Lavf58.49.100
    compatible_brands: isomiso2mp41
    Stream #0:0: Video: wrapped_avframe, yuv420p10le, 1920x1080 [SAR 1:1 DAR 16:9], q=2-31, 200 kb/s, 29.97 fps, 29.97 tbn, 29.97 tbc (default)
    Metadata:
      encoder         : Lavc58.99.100 wrapped_avframe
frame= 2698 fps= 27 q=-0.0 Lsize=N/A time=00:01:30.02 bitrate=N/A speed=0.902x    
video:1412kB audio:0kB subtitle:0kB other streams:0kB global headers:0kB muxing overhead: unknown
[libvmaf @ 000002b6204a6e40] VMAF score: 96.841367
DEBUG ExitCode: 0
75.58MB
DEBUG Invoke-Process
File: ffmpeg
Arg: -y -nostats -analyzeduration 30M -probesize 100M -fflags +discardcorrupt -i input.mp4 -an -c:v hevc_nvenc -preset:v p7 -profile:v main10 -rc:v constqp -rc-lookahead 0 -spatial-aq 0 -temporal-aq 0 -weighted_pred 0 -qp 18 -b_ref_mode 1 -dpb_size 4 -multipass 2 -g 350 -bf 3 -pix_fmt yuv420p10le -color_range tv -color_primaries bt709 -color_trc bt709 -colorspace bt709 -movflags +faststart output.mp4
ArgList:

ffmpeg version git-2020-08-06-2c35797 Copyright (c) 2000-2020 the FFmpeg developers
  built with gcc 10.2.1 (GCC) 20200805
  configuration: --disable-static --enable-shared --enable-gpl --enable-version3 --enable-sdl2 --enable-fontconfig --enable-gnutls --enable-iconv --enable-libass --enable-libdav1d --enable-libbluray --enable-libfreetype --enable-libmp3lame --enable-libopencore-amrnb --enable-libopencore-amrwb --enable-libopenjpeg --enable-libopus --enable-libshine --enable-libsnappy --enable-libsoxr --enable-libsrt --enable-libtheora --enable-libtwolame --enable-libvpx --enable-libwavpack --enable-libwebp --enable-libx264 --enable-libx265 --enable-libxml2 --enable-libzimg --enable-lzma --enable-zlib --enable-gmp --enable-libvidstab --enable-libvmaf --enable-libvorbis --enable-libvo-amrwbenc --enable-libmysofa --enable-libspeex --enable-libxvid --enable-libaom --enable-libgsm --enable-librav1e --disable-w32threads --enable-libmfx --enable-ffnvcodec --enable-cuda-llvm --enable-cuvid --enable-d3d11va --enable-nvenc --enable-nvdec --enable-dxva2 --enable-avisynth --enable-libopenmpt --enable-amf
  libavformat    58. 49.100 / 58. 49.100
  libavdevice    58. 11.101 / 58. 11.101
  libavfilter     7. 87.100 /  7. 87.100
  libswscale      5.  8.100 /  5.  8.100
  libswresample   3.  8.100 /  3.  8.100
  libpostproc    55.  8.100 / 55.  8.100
  libavutil      56. 58.100 / 56. 58.100
  libavcodec     58. 99.100 / 58. 99.100
Input #0, mov,mp4,m4a,3gp,3g2,mj2, from 'input.mp4':
  Metadata:
    major_brand     : isom
    minor_version   : 512
    compatible_brands: isomiso2mp41
    encoder         : Lavf58.45.100
  Duration: 00:01:30.02, start: 0.000000, bitrate: 181885 kb/s
    Stream #0:0(und): Video: hevc (Main) (hev1 / 0x31766568), yuv420p(tv, bt709, progressive), 1920x1080 [SAR 1:1 DAR 16:9], 181884 kb/s, 29.97 fps, 29.97 tbr, 30k tbn, 29.97 tbc (default)
    Metadata:
      handler_name    : VideoHandler
Stream mapping:
  Stream #0:0 -> #0:0 (hevc (native) -> hevc (hevc_nvenc))
Press [q] to stop, [?] for help
Incompatible pixel format 'yuv420p10le' for codec 'hevc_nvenc', auto-selecting format 'p010le'
Output #0, mp4, to 'output.mp4':
  Metadata:
    major_brand     : isom
    encoder         : Lavf58.49.100
    minor_version   : 512
    Metadata:
    Stream #0:0(und): Video: hevc (hevc_nvenc) (Main 10) (hev1 / 0x31766568), p010le(tv, bt709), 1920x1080 [SAR 1:1 DAR 16:9], q=-1--1, 2000 kb/s, 29.97 fps, 30k tbn, 29.97 tbc (default)
    Side data:
      encoder         : Lavc58.99.100 hevc_nvenc
      handler_name    : VideoHandler
      cpb: bitrate max/min/avg: 0/0/2000000 buffer size: 4000000 vbv_delay: N/A
    compatible_brands: isomiso2mp41
[mp4 @ 000001fadb33f000] Starting second pass: moving the moov atom to the beginning of the file
frame= 2698 fps= 75 q=23.0 Lsize=   92220kB time=00:01:29.88 bitrate=8404.4kbits/s speed=2.49x    
video:92197kB audio:0kB subtitle:0kB other streams:0kB global headers:0kB muxing overhead: 0.025402%
DEBUG ExitCode: 0
DEBUG Invoke-Process
File: ffmpeg
Arg: -y -nostats -i output.mp4 -i input.mp4 -filter_complex libvmaf=vmaf_v0.6.1.pkl -an -f null -
ArgList:

ffmpeg version git-2020-08-06-2c35797 Copyright (c) 2000-2020 the FFmpeg developers
  built with gcc 10.2.1 (GCC) 20200805
  configuration: --disable-static --enable-shared --enable-gpl --enable-version3 --enable-sdl2 --enable-fontconfig --enable-gnutls --enable-iconv --enable-libass --enable-libdav1d --enable-libbluray --enable-libfreetype --enable-libmp3lame --enable-libopencore-amrnb --enable-libopencore-amrwb --enable-libopenjpeg --enable-libopus --enable-libshine --enable-libsnappy --enable-libsoxr --enable-libsrt --enable-libtheora --enable-libtwolame --enable-libvpx --enable-libwavpack --enable-libwebp --enable-libx264 --enable-libx265 --enable-libxml2 --enable-libzimg --enable-lzma --enable-zlib --enable-gmp --enable-libvidstab --enable-libvmaf --enable-libvorbis --enable-libvo-amrwbenc --enable-libmysofa --enable-libspeex --enable-libxvid --enable-libaom --enable-libgsm --enable-librav1e --disable-w32threads --enable-libmfx --enable-ffnvcodec --enable-cuda-llvm --enable-cuvid --enable-d3d11va --enable-nvenc --enable-nvdec --enable-dxva2 --enable-avisynth --enable-libopenmpt --enable-amf
  libavutil      56. 58.100 / 56. 58.100
  libavcodec     58. 99.100 / 58. 99.100
  libavformat    58. 49.100 / 58. 49.100
  libavdevice    58. 11.101 / 58. 11.101
  libavfilter     7. 87.100 /  7. 87.100
  libswscale      5.  8.100 /  5.  8.100
  libswresample   3.  8.100 /  3.  8.100
  libpostproc    55.  8.100 / 55.  8.100
Input #0, mov,mp4,m4a,3gp,3g2,mj2, from 'output.mp4':
  Metadata:
    major_brand     : isom
    minor_version   : 512
  Duration: 00:01:30.02, start: 0.000000, bitrate: 8391 kb/s
    encoder         : Lavf58.49.100
    compatible_brands: isomiso2mp41
    Stream #0:0(und): Video: hevc (Main 10) (hev1 / 0x31766568), yuv420p10le(tv, bt709, progressive), 1920x1080 [SAR 1:1 DAR 16:9], 8389 kb/s, 29.97 fps, 29.97 tbr, 30k tbn, 29.97 tbc (default)
    Metadata:
      handler_name    : VideoHandler
Input #1, mov,mp4,m4a,3gp,3g2,mj2, from 'input.mp4':
  Metadata:
    compatible_brands: isomiso2mp41
    minor_version   : 512
    major_brand     : isom
    encoder         : Lavf58.45.100
  Duration: 00:01:30.02, start: 0.000000, bitrate: 181885 kb/s
    Stream #1:0(und): Video: hevc (Main) (hev1 / 0x31766568), yuv420p(tv, bt709, progressive), 1920x1080 [SAR 1:1 DAR 16:9], 181884 kb/s, 29.97 fps, 29.97 tbr, 30k tbn, 29.97 tbc (default)
    Metadata:
      handler_name    : VideoHandler
Stream mapping:
  Stream #0:0 (hevc) -> libvmaf:main
  libvmaf -> Stream #0:0 (wrapped_avframe)
  Stream #1:0 (hevc) -> libvmaf:reference
Press [q] to stop, [?] for help
    major_brand     : isom
    minor_version   : 512
    compatible_brands: isomiso2mp41
    encoder         : Lavf58.49.100
    Stream #0:0: Video: wrapped_avframe, yuv420p10le, 1920x1080 [SAR 1:1 DAR 16:9], q=2-31, 200 kb/s, 29.97 fps, 29.97 tbn, 29.97 tbc (default)
Output #0, null, to 'pipe:':
    Metadata:
      encoder         : Lavc58.99.100 wrapped_avframe
  Metadata:
frame= 2698 fps= 27 q=-0.0 Lsize=N/A time=00:01:30.02 bitrate=N/A speed=0.896x    
video:1412kB audio:0kB subtitle:0kB other streams:0kB global headers:0kB muxing overhead: unknown
[libvmaf @ 00000279d55f0c00] VMAF score: 97.273411
DEBUG ExitCode: 0
90.06MB
DEBUG Invoke-Process
File: ffmpeg
Arg: -y -nostats -analyzeduration 30M -probesize 100M -fflags +discardcorrupt -i input.mp4 -an -c:v hevc_nvenc -preset:v p7 -profile:v main10 -rc:v constqp -rc-lookahead 0 -spatial-aq 0 -temporal-aq 0 -weighted_pred 0 -qp 17 -b_ref_mode 1 -dpb_size 4 -multipass 2 -g 350 -bf 3 -pix_fmt yuv420p10le -color_range tv -color_primaries bt709 -color_trc bt709 -colorspace bt709 -movflags +faststart output.mp4
ArgList:

ffmpeg version git-2020-08-06-2c35797 Copyright (c) 2000-2020 the FFmpeg developers
  built with gcc 10.2.1 (GCC) 20200805
  libavutil      56. 58.100 / 56. 58.100
  configuration: --disable-static --enable-shared --enable-gpl --enable-version3 --enable-sdl2 --enable-fontconfig --enable-gnutls --enable-iconv --enable-libass --enable-libdav1d --enable-libbluray --enable-libfreetype --enable-libmp3lame --enable-libopencore-amrnb --enable-libopencore-amrwb --enable-libopenjpeg --enable-libopus --enable-libshine --enable-libsnappy --enable-libsoxr --enable-libsrt --enable-libtheora --enable-libtwolame --enable-libvpx --enable-libwavpack --enable-libwebp --enable-libx264 --enable-libx265 --enable-libxml2 --enable-libzimg --enable-lzma --enable-zlib --enable-gmp --enable-libvidstab --enable-libvmaf --enable-libvorbis --enable-libvo-amrwbenc --enable-libmysofa --enable-libspeex --enable-libxvid --enable-libaom --enable-libgsm --enable-librav1e --disable-w32threads --enable-libmfx --enable-ffnvcodec --enable-cuda-llvm --enable-cuvid --enable-d3d11va --enable-nvenc --enable-nvdec --enable-dxva2 --enable-avisynth --enable-libopenmpt --enable-amf
  libavformat    58. 49.100 / 58. 49.100
  libavdevice    58. 11.101 / 58. 11.101
  libavfilter     7. 87.100 /  7. 87.100
  libswresample   3.  8.100 /  3.  8.100
  libpostproc    55.  8.100 / 55.  8.100
  libswscale      5.  8.100 /  5.  8.100
  libavcodec     58. 99.100 / 58. 99.100
Input #0, mov,mp4,m4a,3gp,3g2,mj2, from 'input.mp4':
  Metadata:
    minor_version   : 512
    compatible_brands: isomiso2mp41
    encoder         : Lavf58.45.100
  Duration: 00:01:30.02, start: 0.000000, bitrate: 181885 kb/s
    major_brand     : isom
    Stream #0:0(und): Video: hevc (Main) (hev1 / 0x31766568), yuv420p(tv, bt709, progressive), 1920x1080 [SAR 1:1 DAR 16:9], 181884 kb/s, 29.97 fps, 29.97 tbr, 30k tbn, 29.97 tbc (default)
    Metadata:
      handler_name    : VideoHandler
Stream mapping:
  Stream #0:0 -> #0:0 (hevc (native) -> hevc (hevc_nvenc))
Press [q] to stop, [?] for help
Incompatible pixel format 'yuv420p10le' for codec 'hevc_nvenc', auto-selecting format 'p010le'
Output #0, mp4, to 'output.mp4':
  Metadata:
    minor_version   : 512
    major_brand     : isom
    compatible_brands: isomiso2mp41
    encoder         : Lavf58.49.100
    Stream #0:0(und): Video: hevc (hevc_nvenc) (Main 10) (hev1 / 0x31766568), p010le(tv, bt709), 1920x1080 [SAR 1:1 DAR 16:9], q=-1--1, 2000 kb/s, 29.97 fps, 30k tbn, 29.97 tbc (default)
      handler_name    : VideoHandler
    Metadata:
      cpb: bitrate max/min/avg: 0/0/2000000 buffer size: 4000000 vbv_delay: N/A
      encoder         : Lavc58.99.100 hevc_nvenc
    Side data:
[mp4 @ 000001689606f000] Starting second pass: moving the moov atom to the beginning of the file
frame= 2698 fps= 74 q=22.0 Lsize=  103082kB time=00:01:29.88 bitrate=9394.2kbits/s speed=2.47x    
video:103058kB audio:0kB subtitle:0kB other streams:0kB global headers:0kB muxing overhead: 0.022858%
DEBUG ExitCode: 0
DEBUG Invoke-Process
File: ffmpeg
Arg: -y -nostats -i output.mp4 -i input.mp4 -filter_complex libvmaf=vmaf_v0.6.1.pkl -an -f null -
ArgList:

ffmpeg version git-2020-08-06-2c35797 Copyright (c) 2000-2020 the FFmpeg developers
  built with gcc 10.2.1 (GCC) 20200805
  configuration: --disable-static --enable-shared --enable-gpl --enable-version3 --enable-sdl2 --enable-fontconfig --enable-gnutls --enable-iconv --enable-libass --enable-libdav1d --enable-libbluray --enable-libfreetype --enable-libmp3lame --enable-libopencore-amrnb --enable-libopencore-amrwb --enable-libopenjpeg --enable-libopus --enable-libshine --enable-libsnappy --enable-libsoxr --enable-libsrt --enable-libtheora --enable-libtwolame --enable-libvpx --enable-libwavpack --enable-libwebp --enable-libx264 --enable-libx265 --enable-libxml2 --enable-libzimg --enable-lzma --enable-zlib --enable-gmp --enable-libvidstab --enable-libvmaf --enable-libvorbis --enable-libvo-amrwbenc --enable-libmysofa --enable-libspeex --enable-libxvid --enable-libaom --enable-libgsm --enable-librav1e --disable-w32threads --enable-libmfx --enable-ffnvcodec --enable-cuda-llvm --enable-cuvid --enable-d3d11va --enable-nvenc --enable-nvdec --enable-dxva2 --enable-avisynth --enable-libopenmpt --enable-amf
  libavutil      56. 58.100 / 56. 58.100
  libavcodec     58. 99.100 / 58. 99.100
  libavformat    58. 49.100 / 58. 49.100
  libavdevice    58. 11.101 / 58. 11.101
  libavfilter     7. 87.100 /  7. 87.100
  libswscale      5.  8.100 /  5.  8.100
  libswresample   3.  8.100 /  3.  8.100
  libpostproc    55.  8.100 / 55.  8.100
Input #0, mov,mp4,m4a,3gp,3g2,mj2, from 'output.mp4':
  Metadata:
    major_brand     : isom
    compatible_brands: isomiso2mp41
    encoder         : Lavf58.49.100
  Duration: 00:01:30.02, start: 0.000000, bitrate: 9380 kb/s
    minor_version   : 512
    Stream #0:0(und): Video: hevc (Main 10) (hev1 / 0x31766568), yuv420p10le(tv, bt709, progressive), 1920x1080 [SAR 1:1 DAR 16:9], 9378 kb/s, 29.97 fps, 29.97 tbr, 30k tbn, 29.97 tbc (default)
    Metadata:
      handler_name    : VideoHandler
Input #1, mov,mp4,m4a,3gp,3g2,mj2, from 'input.mp4':
    major_brand     : isom
    minor_version   : 512
    compatible_brands: isomiso2mp41
  Metadata:
    encoder         : Lavf58.45.100
  Duration: 00:01:30.02, start: 0.000000, bitrate: 181885 kb/s
    Metadata:
    Stream #1:0(und): Video: hevc (Main) (hev1 / 0x31766568), yuv420p(tv, bt709, progressive), 1920x1080 [SAR 1:1 DAR 16:9], 181884 kb/s, 29.97 fps, 29.97 tbr, 30k tbn, 29.97 tbc (default)
      handler_name    : VideoHandler
Stream mapping:
  Stream #0:0 (hevc) -> libvmaf:main
  Stream #1:0 (hevc) -> libvmaf:reference
Press [q] to stop, [?] for help
  libvmaf -> Stream #0:0 (wrapped_avframe)
Output #0, null, to 'pipe:':
  Metadata:
    major_brand     : isom
    minor_version   : 512
    encoder         : Lavf58.49.100
    Stream #0:0: Video: wrapped_avframe, yuv420p10le, 1920x1080 [SAR 1:1 DAR 16:9], q=2-31, 200 kb/s, 29.97 fps, 29.97 tbn, 29.97 tbc (default)
    Metadata:
      encoder         : Lavc58.99.100 wrapped_avframe
    compatible_brands: isomiso2mp41
frame= 2698 fps= 27 q=-0.0 Lsize=N/A time=00:01:30.02 bitrate=N/A speed= 0.9x    
video:1412kB audio:0kB subtitle:0kB other streams:0kB global headers:0kB muxing overhead: unknown
[libvmaf @ 000001a1d8e18380] VMAF score: 97.530308
DEBUG ExitCode: 0
100.67MB
**********************
PowerShell transcript end
End time: 20200808165605
**********************
